"DESCRIPTION","DURATION IN MS","NAME","PARENT SUITE","START TIME","STATUS","STOP TIME","SUB SUITE","SUITE","TEST CLASS","TEST METHOD"
"","8575","TC_BOOLCFG_6_1.py","","2026-07-28","passed","2026-07-28","","REPL Tests Linux - master","REPL Tests Linux - master",""
"","8341","TC_TLSCERT_2_1.py","","2026-07-28","passed","2026-07-28","","REPL Tests Linux - master","REPL Tests Linux - master",""
"","3692","TC_EWATERHTR_2_1.py","","2026-07-28","passed","2026-07-28","","REPL Tests Linux - master","REPL Tests Linux - master",""
"","4618","TC_WEBRTCP_2_8.py","","2026-07-28","passed","2026-07-28","","REPL Tests Linux - master","REPL Tests Linux - master",""
"","48702","TC_CGEN_2_5.py","","2026-07-28","passed","2026-07-28","","REPL Tests Linux - master","REPL Tests Linux - master",""
"","4536","TC_WEBRTC_1_3.py","","2026-07-28","passed","2026-07-28","","REPL Tests Linux - master","REPL Tests Linux - master",""
"","4473","TC_WEBRTCP_2_18.py","","2026-07-28","passed","2026-07-28","","REPL Tests Linux - master","REPL Tests Linux - master",""
"","4437","TC_EEVSE_2_5.py","","2026-07-28","passed","2026-07-28","","REPL Tests Linux - master","REPL Tests Linux - master",""
"","49065","TC_JFDS_2_1.py","","2026-07-28","passed","2026-07-28","","REPL Tests Linux - master","REPL Tests Linux - master",""
"","4620","TC_WEBRTCP_2_21.py","","2026-07-28","passed","2026-07-28","","REPL Tests Linux - master","REPL Tests Linux - master",""
"","11585","TC_CCTRL_2_1.py","","2026-07-28","passed","2026-07-28","","REPL Tests Linux - master","REPL Tests Linux - master",""
"","7726","TC_TIMESYNC_2_9.py","","2026-07-28","passed","2026-07-28","","REPL Tests Linux - master","REPL Tests Linux - master",""
"","19005","TC_I_2_4.py","","2026-07-28","passed","2026-07-28","","REPL Tests Linux - master","REPL Tests Linux - master",""
"","4452","TC_SMOKECO_2_3.py","","2026-07-28","passed","2026-07-28","","REPL Tests Linux - master","REPL Tests Linux - master",""
"","9100","TC_LUNIT_3_1.py","","2026-07-28","passed","2026-07-28","","REPL Tests Linux - master","REPL Tests Linux - master",""
"","4664","TC_WEBRTCP_2_4.py","","2026-07-28","passed","2026-07-28","","REPL Tests Linux - master","REPL Tests Linux - master",""
"","4827","TC_ICDM_3_3.py","","2026-07-28","passed","2026-07-28","","REPL Tests Linux - master","REPL Tests Linux - master",""
"","34826","TC_DRLK_2_12.py","","2026-07-28","passed","2026-07-28","","REPL Tests Linux - master","REPL Tests Linux - master",""
"","7988","TC_TIMESYNC_2_4.py","","2026-07-28","passed","2026-07-28","","REPL Tests Linux - master","REPL Tests Linux - master",""
"","5452","TC_CC_6_5.py","","2026-07-28","passed","2026-07-28","","REPL Tests Linux - master","REPL Tests Linux - master",""
"","4781","TC_WEBRTCP_2_25.py","","2026-07-28","passed","2026-07-28","","REPL Tests Linux - master","REPL Tests Linux - master",""
"","4552","TC_WEBRTCP_2_32.py","","2026-07-28","passed","2026-07-28","","REPL Tests Linux - master","REPL Tests Linux - master",""
"","5970","TC_SETRF_3_1.py","","2026-07-28","passed","2026-07-28","","REPL Tests Linux - master","REPL Tests Linux - master",""
"","48313","TC_CGEN_2_7.py","","2026-07-28","passed","2026-07-28","","REPL Tests Linux - master","REPL Tests Linux - master",""
"","4868","TC_AVSM_2_9.py","","2026-07-28","passed","2026-07-28","","REPL Tests Linux - master","REPL Tests Linux - master",""
"","3695","TC_PWRTL_2_1.py","","2026-07-28","passed","2026-07-28","","REPL Tests Linux - master","REPL Tests Linux - master",""
"","79152","TC_SWTCH.py","","2026-07-28","passed","2026-07-28","","REPL Tests Linux - master","REPL Tests Linux - master",""
"","9701","TC_CADMIN_1_11.py","","2026-07-28","passed","2026-07-28","","REPL Tests Linux - master","REPL Tests Linux - master",""
"","5920","TC_DRLK_2_13.py","","2026-07-28","passed","2026-07-28","","REPL Tests Linux - master","REPL Tests Linux - master",""
"","9249","TC_DISHM_2_1.py","","2026-07-28","passed","2026-07-28","","REPL Tests Linux - master","REPL Tests Linux - master",""
"","123996","TC_JFADMIN_1_4.py","","2026-07-28","passed","2026-07-28","","REPL Tests Linux - master","REPL Tests Linux - master",""
"","277487","TC_AccessChecker.py","","2026-07-28","passed","2026-07-28","","REPL Tests Linux - master","REPL Tests Linux - master",""
"","48653","TC_JFDS_2_4.py","","2026-07-28","passed","2026-07-28","","REPL Tests Linux - master","REPL Tests Linux - master",""
"","5538","TC_CLDIM_6_2.py","","2026-07-28","passed","2026-07-28","","REPL Tests Linux - master","REPL Tests Linux - master",""
"","9093","TC_ACE_1_3.py","","2026-07-28","passed","2026-07-28","","REPL Tests Linux - master","REPL Tests Linux - master",""
"","6968","TC_PAVST_2_2.py","","2026-07-28","passed","2026-07-28","","REPL Tests Linux - master","REPL Tests Linux - master",""
"","4910","TC_GC_2_6.py","","2026-07-28","passed","2026-07-28","","REPL Tests Linux - master","REPL Tests Linux - master",""
"","4757","TC_ICDM_3_1.py","","2026-07-28","passed","2026-07-28","","REPL Tests Linux - master","REPL Tests Linux - master",""
"","21350","TC_MCORE_FS_1_2.py","","2026-07-28","passed","2026-07-28","","REPL Tests Linux - master","REPL Tests Linux - master",""
"","3897","TC_EEM_2_1.py","","2026-07-28","passed","2026-07-28","","REPL Tests Linux - master","REPL Tests Linux - master",""
"","48143","TC_SC_7_1.py","","2026-07-28","passed","2026-07-28","","REPL Tests Linux - master","REPL Tests Linux - master",""
"","6500","TC_RVCOPSTATE_2_3.py","","2026-07-28","passed","2026-07-28","","REPL Tests Linux - master","REPL Tests Linux - master",""
"","11342","TC_FAN_3_4.py","","2026-07-28","passed","2026-07-28","","REPL Tests Linux - master","REPL Tests Linux - master",""
"","22011","TC_PAVST_2_12.py","","2026-07-28","passed","2026-07-28","","REPL Tests Linux - master","REPL Tests Linux - master",""
"","6186","TC_PAVSTI_1_1.py","","2026-07-28","passed","2026-07-28","","REPL Tests Linux - master","REPL Tests Linux - master",""
"","24193","TC_MCORE_FS_1_3.py","","2026-07-28","passed","2026-07-28","","REPL Tests Linux - master","REPL Tests Linux - master",""
"","7355","TC_PAVST_2_5.py","","2026-07-28","passed","2026-07-28","","REPL Tests Linux - master","REPL Tests Linux - master",""
"","6977","TC_AVSM_2_18.py","","2026-07-28","passed","2026-07-28","","REPL Tests Linux - master","REPL Tests Linux - master",""
"","205347","TC_ICDB_2_1_2_2.py","","2026-07-28","passed","2026-07-28","","REPL Tests Linux - master","REPL Tests Linux - master",""
"","7733","TC_CLCTRL_4_2.py","","2026-07-28","passed","2026-07-28","","REPL Tests Linux - master","REPL Tests Linux - master",""
"","54291","TC_JFADMIN_2_2.py","","2026-07-28","passed","2026-07-28","","REPL Tests Linux - master","REPL Tests Linux - master",""
"","4759","TC_SEPR_2_2.py","","2026-07-28","passed","2026-07-28","","REPL Tests Linux - master","REPL Tests Linux - master",""
"","9007","TC_SMOKECO_2_1.py","","2026-07-28","passed","2026-07-28","","REPL Tests Linux - master","REPL Tests Linux - master",""
"","4155","TC_SETRF_2_1.py","","2026-07-28","passed","2026-07-28","","REPL Tests Linux - master","REPL Tests Linux - master",""
"","9624","TC_OVENOPSTATE_2_1.py","","2026-07-28","passed","2026-07-28","","REPL Tests Linux - master","REPL Tests Linux - master",""
"","30917","TC_OPCREDS_3_4.py","","2026-07-28","passed","2026-07-28","","REPL Tests Linux - master","REPL Tests Linux - master",""
"","5687","TC_GC_2_5.py","","2026-07-28","passed","2026-07-28","","REPL Tests Linux - master","REPL Tests Linux - master",""
"","8311","TC_VALCC_3_3.py","","2026-07-28","passed","2026-07-28","","REPL Tests Linux - master","REPL Tests Linux - master",""
"","11120","TC_CLCTRL_4_4.py","","2026-07-28","passed","2026-07-28","","REPL Tests Linux - master","REPL Tests Linux - master",""
"","10509","TC_EPM_2_2.py","","2026-07-28","passed","2026-07-28","","REPL Tests Linux - master","REPL Tests Linux - master",""
"","6975","TC_CGEN_2_1.py","","2026-07-28","passed","2026-07-28","","REPL Tests Linux - master","REPL Tests Linux - master",""
"","8124","TC_CHIME_2_2.py","","2026-07-28","passed","2026-07-28","","REPL Tests Linux - master","REPL Tests Linux - master",""
"","38429","TC_DEM_2_10.py","","2026-07-28","passed","2026-07-28","","REPL Tests Linux - master","REPL Tests Linux - master",""
"","97936","TC_TIMESYNC_2_8.py","","2026-07-28","passed","2026-07-28","","REPL Tests Linux - master","REPL Tests Linux - master",""
"","143396","TC_SC_4_1.py","","2026-07-28","passed","2026-07-28","","REPL Tests Linux - master","REPL Tests Linux - master",""
"","48220","TC_JFADMIN_1_2.py","","2026-07-28","passed","2026-07-28","","REPL Tests Linux - master","REPL Tests Linux - master",""
"","59777","TC_WEBRTCR_2_2.py","","2026-07-28","passed","2026-07-28","","REPL Tests Linux - master","REPL Tests Linux - master",""
"","5515","TC_WEBRTC_1_2.py","","2026-07-28","passed","2026-07-28","","REPL Tests Linux - master","REPL Tests Linux - master",""
"","10306","TC_DGGEN_2_4.py","","2026-07-28","passed","2026-07-28","","REPL Tests Linux - master","REPL Tests Linux - master",""
"","20465","TC_CADMIN_1_19.py","","2026-07-28","passed","2026-07-28","","REPL Tests Linux - master","REPL Tests Linux - master",""
"","8364","TC_DA_1_7.py","","2026-07-28","passed","2026-07-28","","REPL Tests Linux - master","REPL Tests Linux - master",""
"","10725","TC_TLSCLIENT_3_1.py","","2026-07-28","passed","2026-07-28","","REPL Tests Linux - master","REPL Tests Linux - master",""
"","3816","TC_ICDManagementCluster.py","","2026-07-28","passed","2026-07-28","","REPL Tests Linux - master","REPL Tests Linux - master",""
"","5497","TC_RVCOPSTATE_2_5.py","","2026-07-28","passed","2026-07-28","","REPL Tests Linux - master","REPL Tests Linux - master",""
"","5852","TC_WEBRTCP_2_23.py","","2026-07-28","passed","2026-07-28","","REPL Tests Linux - master","REPL Tests Linux - master",""
"","59023","TC_WEBRTCR_2_1.py","","2026-07-28","passed","2026-07-28","","REPL Tests Linux - master","REPL Tests Linux - master",""
"","4843","TC_AVSM_2_6.py","","2026-07-28","passed","2026-07-28","","REPL Tests Linux - master","REPL Tests Linux - master",""
"","8575","TC_ACL_2_5.py","","2026-07-28","passed","2026-07-28","","REPL Tests Linux - master","REPL Tests Linux - master",""
"","6437","TC_SMOKECO_2_6.py","","2026-07-28","passed","2026-07-28","","REPL Tests Linux - master","REPL Tests Linux - master",""
"","21933","TC_FAN_4_1.py","","2026-07-28","passed","2026-07-28","","REPL Tests Linux - master","REPL Tests Linux - master",""
"","4402","TC_DEM_2_6.py","","2026-07-28","passed","2026-07-28","","REPL Tests Linux - master","REPL Tests Linux - master",""
"","17799","TC_CGEN_2_2.py","","2026-07-28","passed","2026-07-28","","REPL Tests Linux - master","REPL Tests Linux - master",""
"","4377","TC_WEBRTCP_2_31.py","","2026-07-28","passed","2026-07-28","","REPL Tests Linux - master","REPL Tests Linux - master",""
"","4133","TC_DEM_2_5.py","","2026-07-28","passed","2026-07-28","","REPL Tests Linux - master","REPL Tests Linux - master",""
"","41494","TC_OPSTATE_2_6.py","","2026-07-28","passed","2026-07-28","","REPL Tests Linux - master","REPL Tests Linux - master",""
"","5130","TC_WEBRTCP_2_27.py","","2026-07-28","passed","2026-07-28","","REPL Tests Linux - master","REPL Tests Linux - master",""
"","7250","TC_ACL_2_2.py","","2026-07-28","passed","2026-07-28","","REPL Tests Linux - master","REPL Tests Linux - master",""
"","60647","TC_CLCTRL_7_1.py","","2026-07-28","passed","2026-07-28","","REPL Tests Linux - master","REPL Tests Linux - master",""
"","4370","TC_WEBRTCP_2_1.py","","2026-07-28","passed","2026-07-28","","REPL Tests Linux - master","REPL Tests Linux - master",""
"","7367","TC_TLSCERT_2_9.py","","2026-07-28","passed","2026-07-28","","REPL Tests Linux - master","REPL Tests Linux - master",""
"","10925","TC_IDM_9_1.py","","2026-07-28","passed","2026-07-28","","REPL Tests Linux - master","REPL Tests Linux - master",""
"","6884","TC_AVSM_2_19.py","","2026-07-28","passed","2026-07-28","","REPL Tests Linux - master","REPL Tests Linux - master",""
"","4431","TC_WEBRTCP_2_14.py","","2026-07-28","passed","2026-07-28","","REPL Tests Linux - master","REPL Tests Linux - master",""
"","9594","TC_CADMIN_1_25.py","","2026-07-28","passed","2026-07-28","","REPL Tests Linux - master","REPL Tests Linux - master",""
"","5601","TC_AVSM_2_12.py","","2026-07-28","passed","2026-07-28","","REPL Tests Linux - master","REPL Tests Linux - master",""
"","48373","TC_DA_1_9.py","","2026-07-28","passed","2026-07-28","","REPL Tests Linux - master","REPL Tests Linux - master",""
"","4927","TC_ICDM_3_2.py","","2026-07-28","passed","2026-07-28","","REPL Tests Linux - master","REPL Tests Linux - master",""
"","10063","TC_TLSCERT_2_11.py","","2026-07-28","passed","2026-07-28","","REPL Tests Linux - master","REPL Tests Linux - master",""
"","17117","TC_CLDIM_3_1.py","","2026-07-28","passed","2026-07-28","","REPL Tests Linux - master","REPL Tests Linux - master",""
"","16532","TC_EEM_2_3.py","","2026-07-28","passed","2026-07-28","","REPL Tests Linux - master","REPL Tests Linux - master",""
"","21135","TC_OPCREDS_3_1.py","","2026-07-28","passed","2026-07-28","","REPL Tests Linux - master","REPL Tests Linux - master",""
"","7694","TC_CLDIM_3_2.py","","2026-07-28","passed","2026-07-28","","REPL Tests Linux - master","REPL Tests Linux - master",""
"","23978","TC_TIMESYNC_2_12.py","","2026-07-28","passed","2026-07-28","","REPL Tests Linux - master","REPL Tests Linux - master",""
"","50197","TC_ECOINFO_2_1.py","","2026-07-28","passed","2026-07-28","","REPL Tests Linux - master","REPL Tests Linux - master",""
"","5943","TC_AVSUM_2_6.py","","2026-07-28","passed","2026-07-28","","REPL Tests Linux - master","REPL Tests Linux - master",""
"","4493","TC_WEBRTCP_2_12.py","","2026-07-28","passed","2026-07-28","","REPL Tests Linux - master","REPL Tests Linux - master",""
"","4719","TC_MTRID_3_1.py","","2026-07-28","passed","2026-07-28","","REPL Tests Linux - master","REPL Tests Linux - master",""
"","6565","TC_TLSCERT_2_3.py","","2026-07-28","passed","2026-07-28","","REPL Tests Linux - master","REPL Tests Linux - master",""
"","5506","TC_RVCRUNM_2_2.py","","2026-07-28","passed","2026-07-28","","REPL Tests Linux - master","REPL Tests Linux - master",""
"","8836","TC_LCFG_2_1.py","","2026-07-28","passed","2026-07-28","","REPL Tests Linux - master","REPL Tests Linux - master",""
"","8789","TC_DGSW_2_1.py","","2026-07-28","passed","2026-07-28","","REPL Tests Linux - master","REPL Tests Linux - master",""
"","48686","TC_JFDS_2_3.py","","2026-07-28","passed","2026-07-28","","REPL Tests Linux - master","REPL Tests Linux - master",""
"","293338","TC_DeviceConformance.py","","2026-07-28","passed","2026-07-28","","REPL Tests Linux - master","REPL Tests Linux - master",""
"","26553","TC_ICDB_1_1.py","","2026-07-28","passed","2026-07-28","","REPL Tests Linux - master","REPL Tests Linux - master",""
"","10485","TC_TLSCERT_2_12.py","","2026-07-28","passed","2026-07-28","","REPL Tests Linux - master","REPL Tests Linux - master",""
"","4003","TC_EEVSE_2_9.py","","2026-07-28","passed","2026-07-28","","REPL Tests Linux - master","REPL Tests Linux - master",""
"","29323","TC_CADMIN_1_10.py","","2026-07-28","passed","2026-07-28","","REPL Tests Linux - master","REPL Tests Linux - master",""
"","4039","TC_WEBRTCP_2_6.py","","2026-07-28","passed","2026-07-28","","REPL Tests Linux - master","REPL Tests Linux - master",""
"","10088","TC_FAN_2_1.py","","2026-07-28","passed","2026-07-28","","REPL Tests Linux - master","REPL Tests Linux - master",""
"","7293","TC_FAN_2_3.py","","2026-07-28","passed","2026-07-28","","REPL Tests Linux - master","REPL Tests Linux - master",""
"","48997","TC_CGEN_2_11.py","","2026-07-28","passed","2026-07-28","","REPL Tests Linux - master","REPL Tests Linux - master",""
"","4763","TC_AVSM_2_8.py","","2026-07-28","passed","2026-07-28","","REPL Tests Linux - master","REPL Tests Linux - master",""
"","5203","TC_CLCTRL_4_3.py","","2026-07-28","passed","2026-07-28","","REPL Tests Linux - master","REPL Tests Linux - master",""
"","10948","TC_REFALM_2_2.py","","2026-07-28","passed","2026-07-28","","REPL Tests Linux - master","REPL Tests Linux - master",""
"","4410","TC_WEBRTCP_2_5.py","","2026-07-28","passed","2026-07-28","","REPL Tests Linux - master","REPL Tests Linux - master",""
"","8598","TC_TIMESYNC_2_5.py","","2026-07-28","passed","2026-07-28","","REPL Tests Linux - master","REPL Tests Linux - master",""
"","6118","TC_ACL_2_10.py","","2026-07-28","passed","2026-07-28","","REPL Tests Linux - master","REPL Tests Linux - master",""
"","11247","TC_CLCTRL_7_4.py","","2026-07-28","passed","2026-07-28","","REPL Tests Linux - master","REPL Tests Linux - master",""
"","4846","TC_AVSM_2_15.py","","2026-07-28","passed","2026-07-28","","REPL Tests Linux - master","REPL Tests Linux - master",""
"","7370","TC_PAVST_2_6.py","","2026-07-28","passed","2026-07-28","","REPL Tests Linux - master","REPL Tests Linux - master",""
"","8082","TC_AVSUM_2_9.py","","2026-07-28","passed","2026-07-28","","REPL Tests Linux - master","REPL Tests Linux - master",""
"","12435","TC_DA_1_1.py","","2026-07-28","passed","2026-07-28","","REPL Tests Linux - master","REPL Tests Linux - master",""
"","8149","TC_VALCC_3_2.py","","2026-07-28","passed","2026-07-28","","REPL Tests Linux - master","REPL Tests Linux - master",""
"","4743","TC_RVCCLEANM_2_2.py","","2026-07-28","passed","2026-07-28","","REPL Tests Linux - master","REPL Tests Linux - master",""
"","7955","TC_DISHM_1_2.py","","2026-07-28","passed","2026-07-28","","REPL Tests Linux - master","REPL Tests Linux - master",""
"","8669","TC_BINFO_3_1.py","","2026-07-28","passed","2026-07-28","","REPL Tests Linux - master","REPL Tests Linux - master",""
"","5559","TC_GC_2_3.py","","2026-07-28","passed","2026-07-28","","REPL Tests Linux - master","REPL Tests Linux - master",""
"","4018","TC_MWOM_1_2.py","","2026-07-28","passed","2026-07-28","","REPL Tests Linux - master","REPL Tests Linux - master",""
"","10143","TC_TLSCLIENT_3_10.py","","2026-07-28","passed","2026-07-28","","REPL Tests Linux - master","REPL Tests Linux - master",""
"","41555","TC_ZONEMGMT_2_4.py","","2026-07-28","passed","2026-07-28","","REPL Tests Linux - master","REPL Tests Linux - master",""
"","17021","TC_AVSUM_2_3.py","","2026-07-28","passed","2026-07-28","","REPL Tests Linux - master","REPL Tests Linux - master",""
"","8178","TC_SU_4_1.py","","2026-07-28","passed","2026-07-28","","REPL Tests Linux - master","REPL Tests Linux - master",""
"","8096","TC_OTCCM_1_2.py","","2026-07-28","passed","2026-07-28","","REPL Tests Linux - master","REPL Tests Linux - master",""
"","7935","TC_BOOLCFG_4_2.py","","2026-07-28","passed","2026-07-28","","REPL Tests Linux - master","REPL Tests Linux - master",""
"","9182","TC_BINFO_2_2.py","","2026-07-28","passed","2026-07-28","","REPL Tests Linux - master","REPL Tests Linux - master",""
"","11358","TC_AVSUM_2_2.py","","2026-07-28","passed","2026-07-28","","REPL Tests Linux - master","REPL Tests Linux - master",""
"","4831","TC_WEBRTCP_2_7.py","","2026-07-28","passed","2026-07-28","","REPL Tests Linux - master","REPL Tests Linux - master",""
"","61182","TC_DeviceBasicComposition.py","","2026-07-28","passed","2026-07-28","","REPL Tests Linux - master","REPL Tests Linux - master",""
"","16649","TC_IDM_1_2.py","","2026-07-28","passed","2026-07-28","","REPL Tests Linux - master","REPL Tests Linux - master",""
"","49002","TC_JFDS_2_2.py","","2026-07-28","passed","2026-07-28","","REPL Tests Linux - master","REPL Tests Linux - master",""
"","5366","TC_IDM_2_3.py","","2026-07-28","passed","2026-07-28","","REPL Tests Linux - master","REPL Tests Linux - master",""
"","4904","TC_WEBRTCP_2_10.py","","2026-07-28","passed","2026-07-28","","REPL Tests Linux - master","REPL Tests Linux - master",""
"","58829","TC_WEBRTCR_2_7.py","","2026-07-28","passed","2026-07-28","","REPL Tests Linux - master","REPL Tests Linux - master",""
"","8738","TC_LTIME_3_1.py","","2026-07-28","passed","2026-07-28","","REPL Tests Linux - master","REPL Tests Linux - master",""
"","54515","TC_ECOINFO_2_2.py","","2026-07-28","passed","2026-07-28","","REPL Tests Linux - master","REPL Tests Linux - master",""
"","7429","TC_CLCTRL_7_2.py","","2026-07-28","passed","2026-07-28","","REPL Tests Linux - master","REPL Tests Linux - master",""
"","5246","TC_WEBRTC_1_4.py","","2026-07-28","passed","2026-07-28","","REPL Tests Linux - master","REPL Tests Linux - master",""
"","5333","TC_AVSM_2_21.py","","2026-07-28","passed","2026-07-28","","REPL Tests Linux - master","REPL Tests Linux - master",""
"","8685","TC_CHIME_2_5.py","","2026-07-28","passed","2026-07-28","","REPL Tests Linux - master","REPL Tests Linux - master",""
"","4810","TC_WEBRTCP_2_15.py","","2026-07-28","passed","2026-07-28","","REPL Tests Linux - master","REPL Tests Linux - master",""
"","201266","TC_CADMIN_1_3_4.py","","2026-07-28","passed","2026-07-28","","REPL Tests Linux - master","REPL Tests Linux - master",""
"","5366","TC_WEBRTC_1_1.py","","2026-07-28","passed","2026-07-28","","REPL Tests Linux - master","REPL Tests Linux - master",""
"","5203","TC_ACL_2_6.py","","2026-07-28","passed","2026-07-28","","REPL Tests Linux - master","REPL Tests Linux - master",""
"","6963","TC_EEVSE_2_4.py","","2026-07-28","passed","2026-07-28","","REPL Tests Linux - master","REPL Tests Linux - master",""
"","7910","TC_COLORCONTROL.py","","2026-07-28","passed","2026-07-28","","REPL Tests Linux - master","REPL Tests Linux - master",""
"","7877","TC_MOD_2_3.py","","2026-07-28","passed","2026-07-28","","REPL Tests Linux - master","REPL Tests Linux - master",""
"","8861","TC_BOOLCFG_5_2.py","","2026-07-28","passed","2026-07-28","","REPL Tests Linux - master","REPL Tests Linux - master",""
"","8459","TC_MOD_1_2.py","","2026-07-28","passed","2026-07-28","","REPL Tests Linux - master","REPL Tests Linux - master",""
"","4938","TC_AVSUM_2_8.py","","2026-07-28","passed","2026-07-28","","REPL Tests Linux - master","REPL Tests Linux - master",""
"","8396","TC_SC_3_2.py","","2026-07-28","passed","2026-07-28","","REPL Tests Linux - master","REPL Tests Linux - master",""
"","6912","TC_PAVST_2_11.py","","2026-07-28","passed","2026-07-28","","REPL Tests Linux - master","REPL Tests Linux - master",""
"","4644","TC_AVSM_2_5.py","","2026-07-28","passed","2026-07-28","","REPL Tests Linux - master","REPL Tests Linux - master",""
"","13557","TC_OVENOPSTATE_2_2.py","","2026-07-28","passed","2026-07-28","","REPL Tests Linux - master","REPL Tests Linux - master",""
"","5225","TC_DRLK_2_5.py","","2026-07-28","passed","2026-07-28","","REPL Tests Linux - master","REPL Tests Linux - master",""
"","15821","TC_TIMESYNC_2_13.py","","2026-07-28","passed","2026-07-28","","REPL Tests Linux - master","REPL Tests Linux - master",""
"","9718","TC_OVENOPSTATE_2_6.py","","2026-07-28","passed","2026-07-28","","REPL Tests Linux - master","REPL Tests Linux - master",""
"","4243","TC_EGC_2_3.py","","2026-07-28","passed","2026-07-28","","REPL Tests Linux - master","REPL Tests Linux - master",""
"","5475","TC_AVSM_2_16.py","","2026-07-28","passed","2026-07-28","","REPL Tests Linux - master","REPL Tests Linux - master",""
"","3804","TC_WHM_1_2.py","","2026-07-28","passed","2026-07-28","","REPL Tests Linux - master","REPL Tests Linux - master",""
"","14850","TC_TSTAT_2_2.py","","2026-07-28","passed","2026-07-28","","REPL Tests Linux - master","REPL Tests Linux - master",""
"","7973","TC_EPREF_2_1.py","","2026-07-28","passed","2026-07-28","","REPL Tests Linux - master","REPL Tests Linux - master",""
"","8629","TC_CNET_4_3.py","","2026-07-28","passed","2026-07-28","","REPL Tests Linux - master","REPL Tests Linux - master",""
"","10222","TC_TSTAT_4_2.py","","2026-07-28","passed","2026-07-28","","REPL Tests Linux - master","REPL Tests Linux - master",""
"","15556","TestReadSubscribeAceExistenceErrors.py","","2026-07-28","passed","2026-07-28","","REPL Tests Linux - master","REPL Tests Linux - master",""
"","19206","TC_CLCTRL_6_1.py","","2026-07-28","passed","2026-07-28","","REPL Tests Linux - master","REPL Tests Linux - master",""
"","89088","TC_OPSTATE_2_5.py","","2026-07-28","passed","2026-07-28","","REPL Tests Linux - master","REPL Tests Linux - master",""
"","7411","TC_CHIME_2_3.py","","2026-07-28","passed","2026-07-28","","REPL Tests Linux - master","REPL Tests Linux - master",""
"","10164","TC_CLDIM_5_2.py","","2026-07-28","passed","2026-07-28","","REPL Tests Linux - master","REPL Tests Linux - master",""
"","4566","TC_WEBRTCP_2_22.py","","2026-07-28","passed","2026-07-28","","REPL Tests Linux - master","REPL Tests Linux - master",""
"","10002","TC_ACL_2_7.py","","2026-07-28","passed","2026-07-28","","REPL Tests Linux - master","REPL Tests Linux - master",""
"","5075","TC_AVSM_2_10.py","","2026-07-28","passed","2026-07-28","","REPL Tests Linux - master","REPL Tests Linux - master",""
"","8890","TC_OPCREDS_3_5.py","","2026-07-28","passed","2026-07-28","","REPL Tests Linux - master","REPL Tests Linux - master",""
"","5255","TC_WEBRTCP_2_2.py","","2026-07-28","passed","2026-07-28","","REPL Tests Linux - master","REPL Tests Linux - master",""
"","21576","TC_EWATERHTR_2_2.py","","2026-07-28","passed","2026-07-28","","REPL Tests Linux - master","REPL Tests Linux - master",""
"","60359","TC_LVL_2_3.py","","2026-07-28","passed","2026-07-28","","REPL Tests Linux - master","REPL Tests Linux - master",""
"","61545","TC_ICDB_2_4.py","","2026-07-28","passed","2026-07-28","","REPL Tests Linux - master","REPL Tests Linux - master",""
"","6216","TC_CLCTRL_7_3.py","","2026-07-28","passed","2026-07-28","","REPL Tests Linux - master","REPL Tests Linux - master",""
"","5659","TC_CC_2_1.py","","2026-07-28","passed","2026-07-28","","REPL Tests Linux - master","REPL Tests Linux - master",""
"","4493","TC_RVCOPSTATE_2_4.py","","2026-07-28","passed","2026-07-28","","REPL Tests Linux - master","REPL Tests Linux - master",""
"","12809","TC_ICDM_5_1.py","","2026-07-28","passed","2026-07-28","","REPL Tests Linux - master","REPL Tests Linux - master",""
"","28047","TC_SMOKECO_2_4.py","","2026-07-28","passed","2026-07-28","","REPL Tests Linux - master","REPL Tests Linux - master",""
"","4784","TC_COMMTR_2_1.py","","2026-07-28","passed","2026-07-28","","REPL Tests Linux - master","REPL Tests Linux - master",""
"","19585","TC_RR_1_1.py","","2026-07-28","passed","2026-07-28","","REPL Tests Linux - master","REPL Tests Linux - master",""
"","3733","TC_WHM_2_1.py","","2026-07-28","passed","2026-07-28","","REPL Tests Linux - master","REPL Tests Linux - master",""
"","3876","TC_ICDM_2_1.py","","2026-07-28","passed","2026-07-28","","REPL Tests Linux - master","REPL Tests Linux - master",""
"","3994","TC_EPM_2_1.py","","2026-07-28","passed","2026-07-28","","REPL Tests Linux - master","REPL Tests Linux - master",""
"","4762","TC_WEBRTCP_2_19.py","","2026-07-28","passed","2026-07-28","","REPL Tests Linux - master","REPL Tests Linux - master",""
"","5048","TC_SEAR_1_5.py","","2026-07-28","passed","2026-07-28","","REPL Tests Linux - master","REPL Tests Linux - master",""
"","3764","TC_DefaultWarnings.py","","2026-07-28","passed","2026-07-28","","REPL Tests Linux - master","REPL Tests Linux - master",""
"","48484","TC_CGEN_2_6.py","","2026-07-28","passed","2026-07-28","","REPL Tests Linux - master","REPL Tests Linux - master",""
"","9045","TC_BOOLCFG_4_3.py","","2026-07-28","passed","2026-07-28","","REPL Tests Linux - master","REPL Tests Linux - master",""
"","38442","TC_PS_2_3.py","","2026-07-28","passed","2026-07-28","","REPL Tests Linux - master","REPL Tests Linux - master",""
"","4457","TC_BOOL_2_2.py","","2026-07-28","passed","2026-07-28","","REPL Tests Linux - master","REPL Tests Linux - master",""
"","9150","TC_DGSW_2_2.py","","2026-07-28","passed","2026-07-28","","REPL Tests Linux - master","REPL Tests Linux - master",""
"","48539","TC_JFADMIN_1_1.py","","2026-07-28","passed","2026-07-28","","REPL Tests Linux - master","REPL Tests Linux - master",""
"","13019","TC_OPSTATE_2_3.py","","2026-07-28","passed","2026-07-28","","REPL Tests Linux - master","REPL Tests Linux - master",""
"","9168","TC_TCTL_2_3.py","","2026-07-28","passed","2026-07-28","","REPL Tests Linux - master","REPL Tests Linux - master",""
"","10685","TC_ACL_2_8.py","","2026-07-28","passed","2026-07-28","","REPL Tests Linux - master","REPL Tests Linux - master",""
"","10586","TC_SC_3_4.py","","2026-07-28","passed","2026-07-28","","REPL Tests Linux - master","REPL Tests Linux - master",""
"","16850","TC_CLCTRL_3_1.py","","2026-07-28","passed","2026-07-28","","REPL Tests Linux - master","REPL Tests Linux - master",""
"","4368","TC_WEBRTCP_2_16.py","","2026-07-28","passed","2026-07-28","","REPL Tests Linux - master","REPL Tests Linux - master",""
"","7267","TC_TIMESYNC_3_1.py","","2026-07-28","passed","2026-07-28","","REPL Tests Linux - master","REPL Tests Linux - master",""
"","262247","TC_CADMIN_1_5.py","","2026-07-28","passed","2026-07-28","","REPL Tests Linux - master","REPL Tests Linux - master",""
"","13866","TC_SC_3_5.py","","2026-07-28","passed","2026-07-28","","REPL Tests Linux - master","REPL Tests Linux - master",""
"","9460","TC_TLSCERT_2_4.py","","2026-07-28","passed","2026-07-28","","REPL Tests Linux - master","REPL Tests Linux - master",""
"","37806","TC_CLCTRL_4_1.py","","2026-07-28","passed","2026-07-28","","REPL Tests Linux - master","REPL Tests Linux - master",""
"","56776","TC_WEBRTCR_2_4.py","","2026-07-28","passed","2026-07-28","","REPL Tests Linux - master","REPL Tests Linux - master",""
"","107463","TC_PAVST_2_13.py","","2026-07-28","passed","2026-07-28","","REPL Tests Linux - master","REPL Tests Linux - master",""
"","3935","TC_TMP_2_1.py","","2026-07-28","passed","2026-07-28","","REPL Tests Linux - master","REPL Tests Linux - master",""
"","4757","TC_WEBRTCP_2_20.py","","2026-07-28","passed","2026-07-28","","REPL Tests Linux - master","REPL Tests Linux - master",""
"","152925","TC_IDM_4_3.py","","2026-07-28","passed","2026-07-28","","REPL Tests Linux - master","REPL Tests Linux - master",""
"","19039","TC_CLDIM_5_1.py","","2026-07-28","passed","2026-07-28","","REPL Tests Linux - master","REPL Tests Linux - master",""
"","5280","TC_MWOCTRL_2_4.py","","2026-07-28","passed","2026-07-28","","REPL Tests Linux - master","REPL Tests Linux - master",""
"","67060","TC_SC_5_1.py","","2026-07-28","passed","2026-07-28","","REPL Tests Linux - master","REPL Tests Linux - master",""
"","4692","TC_RVCCLEANM_2_1.py","","2026-07-28","passed","2026-07-28","","REPL Tests Linux - master","REPL Tests Linux - master",""
"","5547","TC_AVSM_2_4.py","","2026-07-28","passed","2026-07-28","","REPL Tests Linux - master","REPL Tests Linux - master",""
"","5160","TC_MWOCTRL_2_2.py","","2026-07-28","passed","2026-07-28","","REPL Tests Linux - master","REPL Tests Linux - master",""
"","7418","TC_VALCC_2_1.py","","2026-07-28","passed","2026-07-28","","REPL Tests Linux - master","REPL Tests Linux - master",""
"","13962","TC_PAVST_2_9.py","","2026-07-28","passed","2026-07-28","","REPL Tests Linux - master","REPL Tests Linux - master",""
"","6473","TC_CLCTRL_5_1.py","","2026-07-28","passed","2026-07-28","","REPL Tests Linux - master","REPL Tests Linux - master",""
"","6040","TC_WEBRTC_1_8.py","","2026-07-28","passed","2026-07-28","","REPL Tests Linux - master","REPL Tests Linux - master",""
"","5046","TC_WEBRTCP_2_11.py","","2026-07-28","passed","2026-07-28","","REPL Tests Linux - master","REPL Tests Linux - master",""
"","4303","TC_WEBRTCP_2_28.py","","2026-07-28","passed","2026-07-28","","REPL Tests Linux - master","REPL Tests Linux - master",""
"","7316","TC_BOOLCFG_5_1.py","","2026-07-28","passed","2026-07-28","","REPL Tests Linux - master","REPL Tests Linux - master",""
"","8377","TC_OPSTATE_2_4.py","","2026-07-28","passed","2026-07-28","","REPL Tests Linux - master","REPL Tests Linux - master",""
"","4667","TC_AVSM_2_3.py","","2026-07-28","passed","2026-07-28","","REPL Tests Linux - master","REPL Tests Linux - master",""
"","9405","TC_IDM_4_2.py","","2026-07-28","passed","2026-07-28","","REPL Tests Linux - master","REPL Tests Linux - master",""
"","14291","TC_DA_1_2.py","","2026-07-28","passed","2026-07-28","","REPL Tests Linux - master","REPL Tests Linux - master",""
"","8908","TC_DGGEN_2_5.py","","2026-07-28","passed","2026-07-28","","REPL Tests Linux - master","REPL Tests Linux - master",""
"","13532","TC_OPSTATE_2_2.py","","2026-07-28","passed","2026-07-28","","REPL Tests Linux - master","REPL Tests Linux - master",""
"","69700","TC_ACE_1_6.py","","2026-07-28","passed","2026-07-28","","REPL Tests Linux - master","REPL Tests Linux - master",""
"","5118","TC_WEBRTCP_2_24.py","","2026-07-28","passed","2026-07-28","","REPL Tests Linux - master","REPL Tests Linux - master",""
"","37655","TC_TIMESYNC_2_11.py","","2026-07-28","passed","2026-07-28","","REPL Tests Linux - master","REPL Tests Linux - master",""
"","70432","TC_ICDB_2_3.py","","2026-07-28","passed","2026-07-28","","REPL Tests Linux - master","REPL Tests Linux - master",""
"","6417","TC_ICDB_3_1.py","","2026-07-28","passed","2026-07-28","","REPL Tests Linux - master","REPL Tests Linux - master",""
"","8226","TC_BOOLCFG_3_1.py","","2026-07-28","passed","2026-07-28","","REPL Tests Linux - master","REPL Tests Linux - master",""
"","6488","TC_RVCOPSTATE_2_1.py","","2026-07-28","passed","2026-07-28","","REPL Tests Linux - master","REPL Tests Linux - master",""
"","8282","TC_CADMIN_1_22.py","","2026-07-28","passed","2026-07-28","","REPL Tests Linux - master","REPL Tests Linux - master",""
"","5971","TC_DRLK_2_9.py","","2026-07-28","passed","2026-07-28","","REPL Tests Linux - master","REPL Tests Linux - master",""
"","20491","TC_DRLK_2_2.py","","2026-07-28","passed","2026-07-28","","REPL Tests Linux - master","REPL Tests Linux - master",""
"","5256","TC_SEAR_1_2.py","","2026-07-28","passed","2026-07-28","","REPL Tests Linux - master","REPL Tests Linux - master",""
"","4356","TC_MWOCTRL_2_1.py","","2026-07-28","passed","2026-07-28","","REPL Tests Linux - master","REPL Tests Linux - master",""
"","4490","TC_ZONEMGMT_2_3.py","","2026-07-28","passed","2026-07-28","","REPL Tests Linux - master","REPL Tests Linux - master",""
"","8986","TC_TIMESYNC_2_1.py","","2026-07-28","passed","2026-07-28","","REPL Tests Linux - master","REPL Tests Linux - master",""
"","7529","TC_PAVST_2_8.py","","2026-07-28","passed","2026-07-28","","REPL Tests Linux - master","REPL Tests Linux - master",""
"","4423","TC_WEBRTCP_2_30.py","","2026-07-28","passed","2026-07-28","","REPL Tests Linux - master","REPL Tests Linux - master",""
"","5490","TC_ACL_2_4.py","","2026-07-28","passed","2026-07-28","","REPL Tests Linux - master","REPL Tests Linux - master",""
"","4766","TC_RVCCLEANM_1_2.py","","2026-07-28","passed","2026-07-28","","REPL Tests Linux - master","REPL Tests Linux - master",""
"","4515","TC_EEVSE_2_3.py","","2026-07-28","passed","2026-07-28","","REPL Tests Linux - master","REPL Tests Linux - master",""
"","4593","TC_AVSM_StreamReuseRangeParams.py","","2026-07-28","passed","2026-07-28","","REPL Tests Linux - master","REPL Tests Linux - master",""
"","7794","TC_OVENOPSTATE_2_5.py","","2026-07-28","passed","2026-07-28","","REPL Tests Linux - master","REPL Tests Linux - master",""
"","7898","TC_TLSCERT_2_2.py","","2026-07-28","passed","2026-07-28","","REPL Tests Linux - master","REPL Tests Linux - master",""
"","14925","TC_DEM_2_4.py","","2026-07-28","passed","2026-07-28","","REPL Tests Linux - master","REPL Tests Linux - master",""
"","32027","TC_GC_2_8.py","","2026-07-28","passed","2026-07-28","","REPL Tests Linux - master","REPL Tests Linux - master",""
"","4673","TC_EGC_2_1.py","","2026-07-28","passed","2026-07-28","","REPL Tests Linux - master","REPL Tests Linux - master",""
"","3833","TC_EEVSEM_1_2.py","","2026-07-28","passed","2026-07-28","","REPL Tests Linux - master","REPL Tests Linux - master",""
"","21474","TC_CADMIN_1_9.py","","2026-07-28","passed","2026-07-28","","REPL Tests Linux - master","REPL Tests Linux - master",""
"","7577","TC_PAVST_2_7.py","","2026-07-28","passed","2026-07-28","","REPL Tests Linux - master","REPL Tests Linux - master",""
"","4739","TC_SEPR_2_3.py","","2026-07-28","passed","2026-07-28","","REPL Tests Linux - master","REPL Tests Linux - master",""
"","6315","TC_TLSCERT_2_8.py","","2026-07-28","passed","2026-07-28","","REPL Tests Linux - master","REPL Tests Linux - master",""
"","48413","TC_CGEN_2_8.py","","2026-07-28","passed","2026-07-28","","REPL Tests Linux - master","REPL Tests Linux - master",""
"","48844","TC_SC_5_2.py","","2026-07-28","passed","2026-07-28","","REPL Tests Linux - master","REPL Tests Linux - master",""
"","10064","TC_TLSCERT_2_13.py","","2026-07-28","passed","2026-07-28","","REPL Tests Linux - master","REPL Tests Linux - master",""
"","11512","TC_TSTAT_4_3.py","","2026-07-28","passed","2026-07-28","","REPL Tests Linux - master","REPL Tests Linux - master",""
"","4100","TC_DEM_2_3.py","","2026-07-28","passed","2026-07-28","","REPL Tests Linux - master","REPL Tests Linux - master",""
"","18546","TC_CCTRL_2_2.py","","2026-07-28","passed","2026-07-28","","REPL Tests Linux - master","REPL Tests Linux - master",""
"","8222","TC_CHIME_2_4.py","","2026-07-28","passed","2026-07-28","","REPL Tests Linux - master","REPL Tests Linux - master",""
"","13198","TC_VALCC_4_1.py","","2026-07-28","passed","2026-07-28","","REPL Tests Linux - master","REPL Tests Linux - master",""
"","10117","TC_OCC_2_1.py","","2026-07-28","passed","2026-07-28","","REPL Tests Linux - master","REPL Tests Linux - master",""
"","4878","TC_EEVSE_2_7.py","","2026-07-28","passed","2026-07-28","","REPL Tests Linux - master","REPL Tests Linux - master",""
"","12814","TC_DISHALM_2_1.py","","2026-07-28","passed","2026-07-28","","REPL Tests Linux - master","REPL Tests Linux - master",""
"","22210","TC_SC_4_3.py","","2026-07-28","passed","2026-07-28","","REPL Tests Linux - master","REPL Tests Linux - master",""
"","10836","TC_GC_2_2.py","","2026-07-28","passed","2026-07-28","","REPL Tests Linux - master","REPL Tests Linux - master",""
"","5132","TC_CC_10_1.py","","2026-07-28","passed","2026-07-28","","REPL Tests Linux - master","REPL Tests Linux - master",""
"","4333","TC_EEVSE_2_8.py","","2026-07-28","passed","2026-07-28","","REPL Tests Linux - master","REPL Tests Linux - master",""
"","63305","TC_TestAttrAvail.py","","2026-07-28","passed","2026-07-28","","REPL Tests Linux - master","REPL Tests Linux - master",""
"","113750","TC_S_2_3.py","","2026-07-28","passed","2026-07-28","","REPL Tests Linux - master","REPL Tests Linux - master",""
"","4471","TC_WEBRTCP_2_29.py","","2026-07-28","passed","2026-07-28","","REPL Tests Linux - master","REPL Tests Linux - master",""
"","10457","TC_OCC_2_2.py","","2026-07-28","passed","2026-07-28","","REPL Tests Linux - master","REPL Tests Linux - master",""
"","4745","TC_SEPR_2_1.py","","2026-07-28","passed","2026-07-28","","REPL Tests Linux - master","REPL Tests Linux - master",""
"","7940","TC_SC_3_1.py","","2026-07-28","passed","2026-07-28","","REPL Tests Linux - master","REPL Tests Linux - master",""
"","9511","TC_PAVST_2_3.py","","2026-07-28","passed","2026-07-28","","REPL Tests Linux - master","REPL Tests Linux - master",""
"","10416","TC_FAN_3_3.py","","2026-07-28","passed","2026-07-28","","REPL Tests Linux - master","REPL Tests Linux - master",""
"","17077","TC_SMOKECO_2_5.py","","2026-07-28","passed","2026-07-28","","REPL Tests Linux - master","REPL Tests Linux - master",""
"","14937","TC_GC_2_4.py","","2026-07-28","passed","2026-07-28","","REPL Tests Linux - master","REPL Tests Linux - master",""
"","9516","TC_TLSCERT_2_6.py","","2026-07-28","passed","2026-07-28","","REPL Tests Linux - master","REPL Tests Linux - master",""
"","9354","TC_SOIL_2_2.py","","2026-07-28","passed","2026-07-28","","REPL Tests Linux - master","REPL Tests Linux - master",""
"","8320","TC_ACE_1_4.py","","2026-07-28","passed","2026-07-28","","REPL Tests Linux - master","REPL Tests Linux - master",""
"","4439","TC_AVSM_2_11.py","","2026-07-28","passed","2026-07-28","","REPL Tests Linux - master","REPL Tests Linux - master",""
"","5679","TC_PAVSTI_1_2.py","","2026-07-28","passed","2026-07-28","","REPL Tests Linux - master","REPL Tests Linux - master",""
"","4593","TC_ZONEMGMT_2_1.py","","2026-07-28","passed","2026-07-28","","REPL Tests Linux - master","REPL Tests Linux - master",""
"","9639","TC_VALCC_3_4.py","","2026-07-28","passed","2026-07-28","","REPL Tests Linux - master","REPL Tests Linux - master",""
"","6351","TC_EWATERHTR_2_3.py","","2026-07-28","passed","2026-07-28","","REPL Tests Linux - master","REPL Tests Linux - master",""
"","12037","TC_OPCREDS_3_8.py","","2026-07-28","passed","2026-07-28","","REPL Tests Linux - master","REPL Tests Linux - master",""
"","8687","TC_VALCC_3_1.py","","2026-07-28","passed","2026-07-28","","REPL Tests Linux - master","REPL Tests Linux - master",""
"","37923","TC_CLDIM_6_1.py","","2026-07-28","passed","2026-07-28","","REPL Tests Linux - master","REPL Tests Linux - master",""
"","25201","TC_TIMESYNC_2_10.py","","2026-07-28","passed","2026-07-28","","REPL Tests Linux - master","REPL Tests Linux - master",""
"","26263","TC_EEVSE_2_6.py","","2026-07-28","passed","2026-07-28","","REPL Tests Linux - master","REPL Tests Linux - master",""
"","9293","TC_TLSCLIENT_3_3.py","","2026-07-28","passed","2026-07-28","","REPL Tests Linux - master","REPL Tests Linux - master",""
"","4853","TC_AVSM_2_1.py","","2026-07-28","passed","2026-07-28","","REPL Tests Linux - master","REPL Tests Linux - master",""
"","7084","TC_LWM_1_2.py","","2026-07-28","passed","2026-07-28","","REPL Tests Linux - master","REPL Tests Linux - master",""
"","6255","TC_PAVST_2_10.py","","2026-07-28","passed","2026-07-28","","REPL Tests Linux - master","REPL Tests Linux - master",""
"","14789","TC_ACE_1_2.py","","2026-07-28","passed","2026-07-28","","REPL Tests Linux - master","REPL Tests Linux - master",""
"","25269","TC_ICDB_1_2.py","","2026-07-28","passed","2026-07-28","","REPL Tests Linux - master","REPL Tests Linux - master",""
"","19830","TC_FAN_3_1.py","","2026-07-28","passed","2026-07-28","","REPL Tests Linux - master","REPL Tests Linux - master",""
"","189246","TC_DD_1_16_17.py","","2026-07-28","passed","2026-07-28","","REPL Tests Linux - master","REPL Tests Linux - master",""
"","8738","TC_ACL_2_3.py","","2026-07-28","passed","2026-07-28","","REPL Tests Linux - master","REPL Tests Linux - master",""
"","7567","TC_CNET_1_4.py","","2026-07-28","passed","2026-07-28","","REPL Tests Linux - master","REPL Tests Linux - master",""
"","5194","TC_WEBRTCP_2_9.py","","2026-07-28","passed","2026-07-28","","REPL Tests Linux - master","REPL Tests Linux - master",""
"","48673","TC_CGEN_2_9.py","","2026-07-28","passed","2026-07-28","","REPL Tests Linux - master","REPL Tests Linux - master",""
"","16713","TC_IDM_2_2.py","","2026-07-28","passed","2026-07-28","","REPL Tests Linux - master","REPL Tests Linux - master",""
"","4205","TC_ACL_2_11.py","","2026-07-28","passed","2026-07-28","","REPL Tests Linux - master","REPL Tests Linux - master",""
"","10831","TC_OCC_2_3.py","","2026-07-28","passed","2026-07-28","","REPL Tests Linux - master","REPL Tests Linux - master",""
"","9008","TC_BOOLCFG_4_1.py","","2026-07-28","passed","2026-07-28","","REPL Tests Linux - master","REPL Tests Linux - master",""
"","48379","TC_CGEN_2_10.py","","2026-07-28","passed","2026-07-28","","REPL Tests Linux - master","REPL Tests Linux - master",""
"","4689","TC_AVSM_2_14.py","","2026-07-28","passed","2026-07-28","","REPL Tests Linux - master","REPL Tests Linux - master",""
"","8270","TC_SMOKECO_2_7.py","","2026-07-28","passed","2026-07-28","","REPL Tests Linux - master","REPL Tests Linux - master",""
"","7386","TC_FAN_2_4.py","","2026-07-28","passed","2026-07-28","","REPL Tests Linux - master","REPL Tests Linux - master",""
"","10264","TC_EEM_2_4.py","","2026-07-28","passed","2026-07-28","","REPL Tests Linux - master","REPL Tests Linux - master",""
"","8766","TC_BOOLCFG_4_4.py","","2026-07-28","passed","2026-07-28","","REPL Tests Linux - master","REPL Tests Linux - master",""
"","5299","TC_SETRF_2_2.py","","2026-07-28","passed","2026-07-28","","REPL Tests Linux - master","REPL Tests Linux - master",""
"","8004","TC_ACE_1_5.py","","2026-07-28","passed","2026-07-28","","REPL Tests Linux - master","REPL Tests Linux - master",""
"","22140","TC_EEVSE_2_10.py","","2026-07-28","passed","2026-07-28","","REPL Tests Linux - master","REPL Tests Linux - master",""
"","4075","TC_DEMM_1_2.py","","2026-07-28","passed","2026-07-28","","REPL Tests Linux - master","REPL Tests Linux - master",""
"","4151","TC_DEM_2_9.py","","2026-07-28","passed","2026-07-28","","REPL Tests Linux - master","REPL Tests Linux - master",""
"","9144","TC_TLSCERT_2_5.py","","2026-07-28","passed","2026-07-28","","REPL Tests Linux - master","REPL Tests Linux - master",""
"","9218","TC_OPSTATE_2_1.py","","2026-07-28","passed","2026-07-28","","REPL Tests Linux - master","REPL Tests Linux - master",""
"","8535","TC_BINFO_2_1.py","","2026-07-28","passed","2026-07-28","","REPL Tests Linux - master","REPL Tests Linux - master",""
"","6918","TC_SEAR_1_3.py","","2026-07-28","passed","2026-07-28","","REPL Tests Linux - master","REPL Tests Linux - master",""
"","3567","TC_GC_2_1.py","","2026-07-28","passed","2026-07-28","","REPL Tests Linux - master","REPL Tests Linux - master",""
"","5130","TC_AVSM_2_17.py","","2026-07-28","passed","2026-07-28","","REPL Tests Linux - master","REPL Tests Linux - master",""
"","58965","TC_WEBRTCR_2_6.py","","2026-07-28","passed","2026-07-28","","REPL Tests Linux - master","REPL Tests Linux - master",""
"","17819","TC_CCTRL_2_3.py","","2026-07-28","passed","2026-07-28","","REPL Tests Linux - master","REPL Tests Linux - master",""
"","52916","TC_JFADMIN_2_1.py","","2026-07-28","passed","2026-07-28","","REPL Tests Linux - master","REPL Tests Linux - master",""
"","4475","TC_MTRID_2_1.py","","2026-07-28","passed","2026-07-28","","REPL Tests Linux - master","REPL Tests Linux - master",""
"","11932","TC_SOIL_2_1.py","","2026-07-28","passed","2026-07-28","","REPL Tests Linux - master","REPL Tests Linux - master",""
"","4576","TC_AVSUM_2_5.py","","2026-07-28","passed","2026-07-28","","REPL Tests Linux - master","REPL Tests Linux - master",""
"","5012","TC_AVSUM_2_7.py","","2026-07-28","passed","2026-07-28","","REPL Tests Linux - master","REPL Tests Linux - master",""
"","3683","TC_LVL_9_1.py","","2026-07-28","passed","2026-07-28","","REPL Tests Linux - master","REPL Tests Linux - master",""
"","24409","TC_MCORE_FS_1_5.py","","2026-07-28","passed","2026-07-28","","REPL Tests Linux - master","REPL Tests Linux - master",""
"","3921","TC_ICDM_3_4.py","","2026-07-28","passed","2026-07-28","","REPL Tests Linux - master","REPL Tests Linux - master",""
"","47331","TestFrameworkArgParsing.py","","2026-07-28","passed","2026-07-28","","REPL Tests Linux - master","REPL Tests Linux - master",""
"","4598","TC_CLCTRL_2_1.py","","2026-07-28","passed","2026-07-28","","REPL Tests Linux - master","REPL Tests Linux - master",""
"","4736","TC_RVCRUNM_2_1.py","","2026-07-28","passed","2026-07-28","","REPL Tests Linux - master","REPL Tests Linux - master",""
"","59893","TC_WEBRTCR_2_3.py","","2026-07-28","passed","2026-07-28","","REPL Tests Linux - master","REPL Tests Linux - master",""
"","8209","TC_FLABEL_2_1.py","","2026-07-28","passed","2026-07-28","","REPL Tests Linux - master","REPL Tests Linux - master",""
"","4932","TC_SMOKECO_2_2.py","","2026-07-28","passed","2026-07-28","","REPL Tests Linux - master","REPL Tests Linux - master",""
"","5262","TC_PAVST_2_1.py","","2026-07-28","passed","2026-07-28","","REPL Tests Linux - master","REPL Tests Linux - master",""
"","17835","TC_CGEN_2_4.py","","2026-07-28","passed","2026-07-28","","REPL Tests Linux - master","REPL Tests Linux - master",""
"","26465","TC_CLDIM_5_3.py","","2026-07-28","passed","2026-07-28","","REPL Tests Linux - master","REPL Tests Linux - master",""
"","10682","TC_TLSCERT_2_7.py","","2026-07-28","passed","2026-07-28","","REPL Tests Linux - master","REPL Tests Linux - master",""
"","28075","TCP_Tests.py","","2026-07-28","passed","2026-07-28","","REPL Tests Linux - master","REPL Tests Linux - master",""
"","9145","TC_OPCREDS_3_2.py","","2026-07-28","passed","2026-07-28","","REPL Tests Linux - master","REPL Tests Linux - master",""
"","4332","TC_WEBRTCP_2_17.py","","2026-07-28","passed","2026-07-28","","REPL Tests Linux - master","REPL Tests Linux - master",""
"","9144","TC_AVSM_2_20.py","","2026-07-28","passed","2026-07-28","","REPL Tests Linux - master","REPL Tests Linux - master",""
"","4657","TC_AVSM_2_7.py","","2026-07-28","passed","2026-07-28","","REPL Tests Linux - master","REPL Tests Linux - master",""
"","12725","TC_IDM_5_2.py","","2026-07-28","passed","2026-07-28","","REPL Tests Linux - master","REPL Tests Linux - master",""
"","22761","TC_TIMESYNC_2_7.py","","2026-07-28","passed","2026-07-28","","REPL Tests Linux - master","REPL Tests Linux - master",""
"","9769","TC_TLSCLIENT_2_1.py","","2026-07-28","passed","2026-07-28","","REPL Tests Linux - master","REPL Tests Linux - master",""
"","8074","TC_TIMESYNC_2_2.py","","2026-07-28","passed","2026-07-28","","REPL Tests Linux - master","REPL Tests Linux - master",""
"","24922","TC_FAN_3_5.py","","2026-07-28","passed","2026-07-28","","REPL Tests Linux - master","REPL Tests Linux - master",""
"","8165","TC_VALCC_4_4.py","","2026-07-28","passed","2026-07-28","","REPL Tests Linux - master","REPL Tests Linux - master",""
"","21423","TC_TestEventTrigger.py","","2026-07-28","passed","2026-07-28","","REPL Tests Linux - master","REPL Tests Linux - master",""
"","9926","TC_EEM_2_2.py","","2026-07-28","passed","2026-07-28","","REPL Tests Linux - master","REPL Tests Linux - master",""
"","14759","TC_OO_2_7.py","","2026-07-28","passed","2026-07-28","","REPL Tests Linux - master","REPL Tests Linux - master",""
"","8712","TC_AVSUM_2_4.py","","2026-07-28","passed","2026-07-28","","REPL Tests Linux - master","REPL Tests Linux - master",""
"","35307","TC_DRLK_2_3.py","","2026-07-28","passed","2026-07-28","","REPL Tests Linux - master","REPL Tests Linux - master",""
"","5794","TC_ZONEMGMT_2_2.py","","2026-07-28","passed","2026-07-28","","REPL Tests Linux - master","REPL Tests Linux - master",""
"","7618","TC_G_2_2.py","","2026-07-28","passed","2026-07-28","","REPL Tests Linux - master","REPL Tests Linux - master",""
"","5109","TC_CLDIM_2_1.py","","2026-07-28","passed","2026-07-28","","REPL Tests Linux - master","REPL Tests Linux - master",""
"","7350","TC_IDM_1_4.py","","2026-07-28","passed","2026-07-28","","REPL Tests Linux - master","REPL Tests Linux - master",""
"","14301","TC_SC_3_6.py","","2026-07-28","passed","2026-07-28","","REPL Tests Linux - master","REPL Tests Linux - master",""
"","9934","TC_IDM_3_2.py","","2026-07-28","passed","2026-07-28","","REPL Tests Linux - master","REPL Tests Linux - master",""
"","4486","TC_DEM_2_1.py","","2026-07-28","passed","2026-07-28","","REPL Tests Linux - master","REPL Tests Linux - master",""
"","4850","TC_COMMTR_3_1.py","","2026-07-28","passed","2026-07-28","","REPL Tests Linux - master","REPL Tests Linux - master",""
"","17673","TC_MCORE_FS_1_1.py","","2026-07-28","passed","2026-07-28","","REPL Tests Linux - master","REPL Tests Linux - master",""
"","13903","TC_VALCC_4_2.py","","2026-07-28","passed","2026-07-28","","REPL Tests Linux - master","REPL Tests Linux - master",""
"","7778","TC_BOOLCFG_2_1.py","","2026-07-28","passed","2026-07-28","","REPL Tests Linux - master","REPL Tests Linux - master",""
"","8030","TC_ACL_2_9.py","","2026-07-28","passed","2026-07-28","","REPL Tests Linux - master","REPL Tests Linux - master",""
"","5653","TC_BRBINFO_2_1.py","","2026-07-28","passed","2026-07-28","","REPL Tests Linux - master","REPL Tests Linux - master",""
"","11133","TC_TLSCLIENT_3_2.py","","2026-07-28","passed","2026-07-28","","REPL Tests Linux - master","REPL Tests Linux - master",""
"","5076","TC_BRBINFO_3_2.py","","2026-07-28","passed","2026-07-28","","REPL Tests Linux - master","REPL Tests Linux - master",""
"","8775","TC_WASHERCTRL_2_1.py","","2026-07-28","passed","2026-07-28","","REPL Tests Linux - master","REPL Tests Linux - master",""
"","16304","TC_EEM_2_5.py","","2026-07-28","passed","2026-07-28","","REPL Tests Linux - master","REPL Tests Linux - master",""
"","15399","TC_EEVSE_2_2.py","","2026-07-28","passed","2026-07-28","","REPL Tests Linux - master","REPL Tests Linux - master",""
"","9862","TC_TLSCLIENT_3_20.py","","2026-07-28","passed","2026-07-28","","REPL Tests Linux - master","REPL Tests Linux - master",""
"","5126","TC_WEBRTCP_2_13.py","","2026-07-28","passed","2026-07-28","","REPL Tests Linux - master","REPL Tests Linux - master",""
"","16636","TC_CLDIM_3_3.py","","2026-07-28","passed","2026-07-28","","REPL Tests Linux - master","REPL Tests Linux - master",""
"","14232","TC_ICDB_2_5.py","","2026-07-28","passed","2026-07-28","","REPL Tests Linux - master","REPL Tests Linux - master",""
"","5737","TC_CLDIM_4_2.py","","2026-07-28","passed","2026-07-28","","REPL Tests Linux - master","REPL Tests Linux - master",""
"","4196","TC_EGC_2_2.py","","2026-07-28","passed","2026-07-28","","REPL Tests Linux - master","REPL Tests Linux - master",""
"","19119","TC_DEM_2_2.py","","2026-07-28","passed","2026-07-28","","REPL Tests Linux - master","REPL Tests Linux - master",""
"","4212","TC_ICDB_3_2.py","","2026-07-28","passed","2026-07-28","","REPL Tests Linux - master","REPL Tests Linux - master",""
"","4312","TC_DEM_2_8.py","","2026-07-28","passed","2026-07-28","","REPL Tests Linux - master","REPL Tests Linux - master",""
"","4032","TC_SEAR_1_4.py","","2026-07-28","passed","2026-07-28","","REPL Tests Linux - master","REPL Tests Linux - master",""
"","7107","TC_PAVST_2_4.py","","2026-07-28","passed","2026-07-28","","REPL Tests Linux - master","REPL Tests Linux - master",""
"","7318","TC_TCCM_1_2.py","","2026-07-28","passed","2026-07-28","","REPL Tests Linux - master","REPL Tests Linux - master",""
"","7289","TC_VALCC_4_3.py","","2026-07-28","passed","2026-07-28","","REPL Tests Linux - master","REPL Tests Linux - master",""
"","5002","TC_GC_2_7.py","","2026-07-28","passed","2026-07-28","","REPL Tests Linux - master","REPL Tests Linux - master",""
"","8175","TC_DA_1_5.py","","2026-07-28","passed","2026-07-28","","REPL Tests Linux - master","REPL Tests Linux - master",""
"","7978","TC_CHIME_2_1.py","","2026-07-28","passed","2026-07-28","","REPL Tests Linux - master","REPL Tests Linux - master",""
"","4756","TC_AVSUM_2_1.py","","2026-07-28","passed","2026-07-28","","REPL Tests Linux - master","REPL Tests Linux - master",""
"","4921","TC_WEBRTCP_2_3.py","","2026-07-28","passed","2026-07-28","","REPL Tests Linux - master","REPL Tests Linux - master",""
"","7086","TC_WEBRTC_1_7.py","","2026-07-28","passed","2026-07-28","","REPL Tests Linux - master","REPL Tests Linux - master",""
"","7490","TC_CHIME_2_6.py","","2026-07-28","passed","2026-07-28","","REPL Tests Linux - master","REPL Tests Linux - master",""
"","9029","TC_TLSCERT_2_10.py","","2026-07-28","passed","2026-07-28","","REPL Tests Linux - master","REPL Tests Linux - master",""
"","58389","TC_WEBRTCR_2_5.py","","2026-07-28","passed","2026-07-28","","REPL Tests Linux - master","REPL Tests Linux - master",""
"","5355","TC_SEAR_1_6.py","","2026-07-28","passed","2026-07-28","","REPL Tests Linux - master","REPL Tests Linux - master",""
"","4599","TC_AVSM_2_2.py","","2026-07-28","passed","2026-07-28","","REPL Tests Linux - master","REPL Tests Linux - master",""
"","13875","TC_VALCC_4_5.py","","2026-07-28","passed","2026-07-28","","REPL Tests Linux - master","REPL Tests Linux - master",""
"","9622","TC_FAN_3_2.py","","2026-07-28","passed","2026-07-28","","REPL Tests Linux - master","REPL Tests Linux - master",""
"","4234","TC_RVCRUNM_1_2.py","","2026-07-28","passed","2026-07-28","","REPL Tests Linux - master","REPL Tests Linux - master",""
"","8395","TC_BINFO_3_2.py","","2026-07-28","passed","2026-07-28","","REPL Tests Linux - master","REPL Tests Linux - master",""
"","4468","TC_DEM_2_7.py","","2026-07-28","passed","2026-07-28","","REPL Tests Linux - master","REPL Tests Linux - master",""
"","8743","TC_TIMESYNC_2_6.py","","2026-07-28","passed","2026-07-28","","REPL Tests Linux - master","REPL Tests Linux - master",""
"","23597","TC_CADMIN_1_15.py","","2026-07-28","passed","2026-07-28","","REPL Tests Linux - master","REPL Tests Linux - master",""
"","9019","TC_OVENOPSTATE_2_4.py","","2026-07-28","passed","2026-07-28","","REPL Tests Linux - master","REPL Tests Linux - master",""
"","4991","TC_AVSM_2_13.py","","2026-07-28","passed","2026-07-28","","REPL Tests Linux - master","REPL Tests Linux - master",""
"","6080","TC_SETRF_2_3.py","","2026-07-28","passed","2026-07-28","","REPL Tests Linux - master","REPL Tests Linux - master",""
"","3936","TC_AVSM_VideoStreamsPersistence.py","","2026-07-28","passed","2026-07-28","","REPL Tests Linux - master","REPL Tests Linux - master",""
"","33659","TC_CLDIM_4_1.py","","2026-07-28","passed","2026-07-28","","REPL Tests Linux - master","REPL Tests Linux - master",""
