"DESCRIPTION","DURATION IN MS","NAME","PARENT SUITE","START TIME","STATUS","STOP TIME","SUB SUITE","SUITE","TEST CLASS","TEST METHOD"
"","23944","TC_TestAttrAvail.py","","2026-06-04","passed","2026-06-04","","REPL Tests Linux - master","REPL Tests Linux - master",""
"","6474","TC_SOIL_2_1.py","","2026-06-04","passed","2026-06-04","","REPL Tests Linux - master","REPL Tests Linux - master",""
"","6037","TC_DISHM_1_2.py","","2026-06-04","passed","2026-06-04","","REPL Tests Linux - master","REPL Tests Linux - master",""
"","7529","TC_BINFO_2_1.py","","2026-06-04","passed","2026-06-04","","REPL Tests Linux - master","REPL Tests Linux - master",""
"","8433","TC_TLSCERT_2_10.py","","2026-06-04","passed","2026-06-04","","REPL Tests Linux - master","REPL Tests Linux - master",""
"","6693","TC_AVSUM_2_1.py","","2026-06-04","passed","2026-06-04","","REPL Tests Linux - master","REPL Tests Linux - master",""
"","8859","TC_WEBRTC_1_8.py","","2026-06-04","passed","2026-06-04","","REPL Tests Linux - master","REPL Tests Linux - master",""
"","22301","TC_TIMESYNC_2_12.py","","2026-06-04","passed","2026-06-04","","REPL Tests Linux - master","REPL Tests Linux - master",""
"","5637","TC_ICDM_3_4.py","","2026-06-04","passed","2026-06-04","","REPL Tests Linux - master","REPL Tests Linux - master",""
"","6519","TC_WEBRTCP_2_9.py","","2026-06-04","passed","2026-06-04","","REPL Tests Linux - master","REPL Tests Linux - master",""
"","12636","TC_TIMESYNC_2_13.py","","2026-06-04","passed","2026-06-04","","REPL Tests Linux - master","REPL Tests Linux - master",""
"","5924","TC_SEAR_1_5.py","","2026-06-04","passed","2026-06-04","","REPL Tests Linux - master","REPL Tests Linux - master",""
"","11618","TC_EEM_2_2.py","","2026-06-04","passed","2026-06-04","","REPL Tests Linux - master","REPL Tests Linux - master",""
"","60918","TC_ECOINFO_2_2.py","","2026-06-04","passed","2026-06-04","","REPL Tests Linux - master","REPL Tests Linux - master",""
"","2730","TC_JFADMIN_1_1.py","","2026-06-04","passed","2026-06-04","","REPL Tests Linux - master","REPL Tests Linux - master",""
"","6188","TC_VALCC_2_1.py","","2026-06-04","passed","2026-06-04","","REPL Tests Linux - master","REPL Tests Linux - master",""
"","5741","TC_RVCCLEANM_2_2.py","","2026-06-04","passed","2026-06-04","","REPL Tests Linux - master","REPL Tests Linux - master",""
"","6028","TC_TIMESYNC_2_2.py","","2026-06-04","passed","2026-06-04","","REPL Tests Linux - master","REPL Tests Linux - master",""
"","8815","TC_PAVST_2_6.py","","2026-06-04","passed","2026-06-04","","REPL Tests Linux - master","REPL Tests Linux - master",""
"","6289","TC_WEBRTCP_2_25.py","","2026-06-04","passed","2026-06-04","","REPL Tests Linux - master","REPL Tests Linux - master",""
"","6485","TC_ACL_2_4.py","","2026-06-04","passed","2026-06-04","","REPL Tests Linux - master","REPL Tests Linux - master",""
"","3136","TC_JFDS_2_4.py","","2026-06-04","passed","2026-06-04","","REPL Tests Linux - master","REPL Tests Linux - master",""
"","18186","TC_CLDIM_3_3.py","","2026-06-04","passed","2026-06-04","","REPL Tests Linux - master","REPL Tests Linux - master",""
"","6098","TC_OPCREDS_3_4.py","","2026-06-04","passed","2026-06-04","","REPL Tests Linux - master","REPL Tests Linux - master",""
"","12039","TC_DA_1_2.py","","2026-06-04","passed","2026-06-04","","REPL Tests Linux - master","REPL Tests Linux - master",""
"","7620","TC_PAVST_2_4.py","","2026-06-04","passed","2026-06-04","","REPL Tests Linux - master","REPL Tests Linux - master",""
"","28713","TC_CADMIN_1_10.py","","2026-06-04","passed","2026-06-04","","REPL Tests Linux - master","REPL Tests Linux - master",""
"","6984","TC_JFADMIN_2_1.py","","2026-06-04","passed","2026-06-04","","REPL Tests Linux - master","REPL Tests Linux - master",""
"","6476","TC_OPSTATE_2_4.py","","2026-06-04","passed","2026-06-04","","REPL Tests Linux - master","REPL Tests Linux - master",""
"","17467","TC_IDM_2_2.py","","2026-06-04","passed","2026-06-04","","REPL Tests Linux - master","REPL Tests Linux - master",""
"","6881","TC_PAVSTI_1_2.py","","2026-06-04","passed","2026-06-04","","REPL Tests Linux - master","REPL Tests Linux - master",""
"","6251","TC_TIMESYNC_2_5.py","","2026-06-04","passed","2026-06-04","","REPL Tests Linux - master","REPL Tests Linux - master",""
"","6816","TC_ICDM_3_3.py","","2026-06-04","passed","2026-06-04","","REPL Tests Linux - master","REPL Tests Linux - master",""
"","6949","TC_WEBRTCP_2_16.py","","2026-06-04","passed","2026-06-04","","REPL Tests Linux - master","REPL Tests Linux - master",""
"","2220","TC_DA_1_9.py","","2026-06-04","passed","2026-06-04","","REPL Tests Linux - master","REPL Tests Linux - master",""
"","16459","TC_WEBRTCR_2_6.py","","2026-06-04","passed","2026-06-04","","REPL Tests Linux - master","REPL Tests Linux - master",""
"","5899","TC_EEVSEM_1_2.py","","2026-06-04","passed","2026-06-04","","REPL Tests Linux - master","REPL Tests Linux - master",""
"","13466","TC_FAN_4_1.py","","2026-06-04","passed","2026-06-04","","REPL Tests Linux - master","REPL Tests Linux - master",""
"","6118","TC_WEBRTCP_2_17.py","","2026-06-04","passed","2026-06-04","","REPL Tests Linux - master","REPL Tests Linux - master",""
"","6474","TC_ZONEMGMT_2_1.py","","2026-06-04","passed","2026-06-04","","REPL Tests Linux - master","REPL Tests Linux - master",""
"","6693","TC_PAVST_2_1.py","","2026-06-04","passed","2026-06-04","","REPL Tests Linux - master","REPL Tests Linux - master",""
"","5929","TC_MWOCTRL_2_4.py","","2026-06-04","passed","2026-06-04","","REPL Tests Linux - master","REPL Tests Linux - master",""
"","6948","TC_ICDB_3_2.py","","2026-06-04","passed","2026-06-04","","REPL Tests Linux - master","REPL Tests Linux - master",""
"","6533","TC_OPCREDS_3_2.py","","2026-06-04","passed","2026-06-04","","REPL Tests Linux - master","REPL Tests Linux - master",""
"","6457","TC_DEM_2_7.py","","2026-06-04","passed","2026-06-04","","REPL Tests Linux - master","REPL Tests Linux - master",""
"","6609","TC_AVSM_2_7.py","","2026-06-04","passed","2026-06-04","","REPL Tests Linux - master","REPL Tests Linux - master",""
"","7727","TC_WEBRTC_1_7.py","","2026-06-04","passed","2026-06-04","","REPL Tests Linux - master","REPL Tests Linux - master",""
"","122289","TC_IDM_4_3.py","","2026-06-04","passed","2026-06-04","","REPL Tests Linux - master","REPL Tests Linux - master",""
"","6055","TC_DEM_2_1.py","","2026-06-04","passed","2026-06-04","","REPL Tests Linux - master","REPL Tests Linux - master",""
"","6346","TC_SEPR_2_2.py","","2026-06-04","passed","2026-06-04","","REPL Tests Linux - master","REPL Tests Linux - master",""
"","6821","TC_LCFG_2_1.py","","2026-06-04","passed","2026-06-04","","REPL Tests Linux - master","REPL Tests Linux - master",""
"","5938","TC_ICDM_2_1.py","","2026-06-04","passed","2026-06-04","","REPL Tests Linux - master","REPL Tests Linux - master",""
"","6683","TC_SMOKECO_2_2.py","","2026-06-04","passed","2026-06-04","","REPL Tests Linux - master","REPL Tests Linux - master",""
"","7049","TC_CC_6_5.py","","2026-06-04","passed","2026-06-04","","REPL Tests Linux - master","REPL Tests Linux - master",""
"","6483","TC_FLABEL_2_1.py","","2026-06-04","passed","2026-06-04","","REPL Tests Linux - master","REPL Tests Linux - master",""
"","16379","TC_WEBRTCR_2_1.py","","2026-06-04","passed","2026-06-04","","REPL Tests Linux - master","REPL Tests Linux - master",""
"","5657","TC_BOOLCFG_4_1.py","","2026-06-04","passed","2026-06-04","","REPL Tests Linux - master","REPL Tests Linux - master",""
"","5801","TC_EWATERHTR_2_1.py","","2026-06-04","passed","2026-06-04","","REPL Tests Linux - master","REPL Tests Linux - master",""
"","8602","TC_JFADMIN_2_2.py","","2026-06-04","passed","2026-06-04","","REPL Tests Linux - master","REPL Tests Linux - master",""
"","5812","TC_SEPR_2_1.py","","2026-06-04","passed","2026-06-04","","REPL Tests Linux - master","REPL Tests Linux - master",""
"","9150","TC_TLSCERT_2_2.py","","2026-06-04","passed","2026-06-04","","REPL Tests Linux - master","REPL Tests Linux - master",""
"","6212","TC_EPM_2_1.py","","2026-06-04","passed","2026-06-04","","REPL Tests Linux - master","REPL Tests Linux - master",""
"","5987","TC_CGEN_2_8.py","","2026-06-04","passed","2026-06-04","","REPL Tests Linux - master","REPL Tests Linux - master",""
"","6531","TC_TSTAT_4_2.py","","2026-06-04","passed","2026-06-04","","REPL Tests Linux - master","REPL Tests Linux - master",""
"","7828","TC_TLSCLIENT_3_3.py","","2026-06-04","passed","2026-06-04","","REPL Tests Linux - master","REPL Tests Linux - master",""
"","17731","TC_CLDIM_3_1.py","","2026-06-04","passed","2026-06-04","","REPL Tests Linux - master","REPL Tests Linux - master",""
"","19584","TC_SC_5_1.py","","2026-06-04","passed","2026-06-04","","REPL Tests Linux - master","REPL Tests Linux - master",""
"","110597","TC_DeviceBasicComposition.py","","2026-06-04","passed","2026-06-04","","REPL Tests Linux - master","REPL Tests Linux - master",""
"","5815","TC_CGEN_2_6.py","","2026-06-04","passed","2026-06-04","","REPL Tests Linux - master","REPL Tests Linux - master",""
"","27826","TC_SMOKECO_2_4.py","","2026-06-04","passed","2026-06-04","","REPL Tests Linux - master","REPL Tests Linux - master",""
"","11777","TC_G_2_2.py","","2026-06-04","passed","2026-06-04","","REPL Tests Linux - master","REPL Tests Linux - master",""
"","35918","TC_SC_5_2.py","","2026-06-04","passed","2026-06-04","","REPL Tests Linux - master","REPL Tests Linux - master",""
"","11912","TC_OCC_2_2.py","","2026-06-04","passed","2026-06-04","","REPL Tests Linux - master","REPL Tests Linux - master",""
"","11575","TC_CHIME_2_4.py","","2026-06-04","passed","2026-06-04","","REPL Tests Linux - master","REPL Tests Linux - master",""
"","9609","TC_OPCREDS_3_8.py","","2026-06-04","passed","2026-06-04","","REPL Tests Linux - master","REPL Tests Linux - master",""
"","7639","TC_DGSW_2_1.py","","2026-06-04","passed","2026-06-04","","REPL Tests Linux - master","REPL Tests Linux - master",""
"","7704","TC_TLSCLIENT_3_20.py","","2026-06-04","passed","2026-06-04","","REPL Tests Linux - master","REPL Tests Linux - master",""
"","36315","TC_DRLK_2_12.py","","2026-06-04","passed","2026-06-04","","REPL Tests Linux - master","REPL Tests Linux - master",""
"","6255","TC_DRLK_2_5.py","","2026-06-04","passed","2026-06-04","","REPL Tests Linux - master","REPL Tests Linux - master",""
"","6416","TC_WEBRTC_1_4.py","","2026-06-04","passed","2026-06-04","","REPL Tests Linux - master","REPL Tests Linux - master",""
"","5965","TC_AVSUM_2_7.py","","2026-06-04","passed","2026-06-04","","REPL Tests Linux - master","REPL Tests Linux - master",""
"","8406","TC_SMOKECO_2_3.py","","2026-06-04","passed","2026-06-04","","REPL Tests Linux - master","REPL Tests Linux - master",""
"","6230","TC_AVSM_2_8.py","","2026-06-04","passed","2026-06-04","","REPL Tests Linux - master","REPL Tests Linux - master",""
"","7583","TC_DISHM_2_1.py","","2026-06-04","passed","2026-06-04","","REPL Tests Linux - master","REPL Tests Linux - master",""
"","7776","TC_PAVST_2_5.py","","2026-06-04","passed","2026-06-04","","REPL Tests Linux - master","REPL Tests Linux - master",""
"","5959","TC_FAN_2_1.py","","2026-06-04","passed","2026-06-04","","REPL Tests Linux - master","REPL Tests Linux - master",""
"","7303","TC_TIMESYNC_2_1.py","","2026-06-04","passed","2026-06-04","","REPL Tests Linux - master","REPL Tests Linux - master",""
"","88018","TC_OPSTATE_2_5.py","","2026-06-04","passed","2026-06-04","","REPL Tests Linux - master","REPL Tests Linux - master",""
"","6422","TC_ZONEMGMT_2_2.py","","2026-06-04","passed","2026-06-04","","REPL Tests Linux - master","REPL Tests Linux - master",""
"","5711","TC_FAN_3_3.py","","2026-06-04","passed","2026-06-04","","REPL Tests Linux - master","REPL Tests Linux - master",""
"","6708","TC_EWATERHTR_2_3.py","","2026-06-04","passed","2026-06-04","","REPL Tests Linux - master","REPL Tests Linux - master",""
"","5965","TC_CLCTRL_2_1.py","","2026-06-04","passed","2026-06-04","","REPL Tests Linux - master","REPL Tests Linux - master",""
"","35990","TC_TIMESYNC_2_11.py","","2026-06-04","passed","2026-06-04","","REPL Tests Linux - master","REPL Tests Linux - master",""
"","6031","TC_AVSM_2_5.py","","2026-06-04","passed","2026-06-04","","REPL Tests Linux - master","REPL Tests Linux - master",""
"","6057","TC_DEM_2_8.py","","2026-06-04","passed","2026-06-04","","REPL Tests Linux - master","REPL Tests Linux - master",""
"","77546","TC_JFADMIN_1_4.py","","2026-06-04","passed","2026-06-04","","REPL Tests Linux - master","REPL Tests Linux - master",""
"","7909","TC_TLSCERT_2_9.py","","2026-06-04","passed","2026-06-04","","REPL Tests Linux - master","REPL Tests Linux - master",""
"","7476","TC_AVSM_2_19.py","","2026-06-04","passed","2026-06-04","","REPL Tests Linux - master","REPL Tests Linux - master",""
"","6697","TC_WEBRTCP_2_20.py","","2026-06-04","passed","2026-06-04","","REPL Tests Linux - master","REPL Tests Linux - master",""
"","6365","TC_WEBRTCP_2_7.py","","2026-06-04","passed","2026-06-04","","REPL Tests Linux - master","REPL Tests Linux - master",""
"","7202","TC_WEBRTC_1_2.py","","2026-06-04","passed","2026-06-04","","REPL Tests Linux - master","REPL Tests Linux - master",""
"","6399","TC_WEBRTCP_2_4.py","","2026-06-04","passed","2026-06-04","","REPL Tests Linux - master","REPL Tests Linux - master",""
"","6211","TC_OTCCM_1_2.py","","2026-06-04","passed","2026-06-04","","REPL Tests Linux - master","REPL Tests Linux - master",""
"","6939","TC_RVCOPSTATE_2_5.py","","2026-06-04","passed","2026-06-04","","REPL Tests Linux - master","REPL Tests Linux - master",""
"","18767","TC_AVSUM_2_3.py","","2026-06-04","passed","2026-06-04","","REPL Tests Linux - master","REPL Tests Linux - master",""
"","5875","TC_CGEN_2_7.py","","2026-06-04","passed","2026-06-04","","REPL Tests Linux - master","REPL Tests Linux - master",""
"","6130","TC_BRBINFO_2_1.py","","2026-06-04","passed","2026-06-04","","REPL Tests Linux - master","REPL Tests Linux - master",""
"","6445","TC_WEBRTCP_2_24.py","","2026-06-04","passed","2026-06-04","","REPL Tests Linux - master","REPL Tests Linux - master",""
"","5772","TC_VALCC_4_3.py","","2026-06-04","passed","2026-06-04","","REPL Tests Linux - master","REPL Tests Linux - master",""
"","8612","TC_REFALM_2_2.py","","2026-06-04","passed","2026-06-04","","REPL Tests Linux - master","REPL Tests Linux - master",""
"","6003","TC_BOOLCFG_4_3.py","","2026-06-04","passed","2026-06-04","","REPL Tests Linux - master","REPL Tests Linux - master",""
"","13240","TC_ACE_1_2.py","","2026-06-04","passed","2026-06-04","","REPL Tests Linux - master","REPL Tests Linux - master",""
"","7100","TC_CLDIM_4_2.py","","2026-06-04","passed","2026-06-04","","REPL Tests Linux - master","REPL Tests Linux - master",""
"","6721","TC_GC_2_6.py","","2026-06-04","passed","2026-06-04","","REPL Tests Linux - master","REPL Tests Linux - master",""
"","6338","TC_RVCRUNM_2_2.py","","2026-06-04","passed","2026-06-04","","REPL Tests Linux - master","REPL Tests Linux - master",""
"","6925","TC_WEBRTCP_2_31.py","","2026-06-04","passed","2026-06-04","","REPL Tests Linux - master","REPL Tests Linux - master",""
"","15326","TC_SC_3_4.py","","2026-06-04","passed","2026-06-04","","REPL Tests Linux - master","REPL Tests Linux - master",""
"","6460","TC_CC_10_1.py","","2026-06-04","passed","2026-06-04","","REPL Tests Linux - master","REPL Tests Linux - master",""
"","6175","TC_WEBRTCP_2_18.py","","2026-06-04","passed","2026-06-04","","REPL Tests Linux - master","REPL Tests Linux - master",""
"","6023","TC_MTRID_2_1.py","","2026-06-04","passed","2026-06-04","","REPL Tests Linux - master","REPL Tests Linux - master",""
"","6490","TC_AVSM_2_3.py","","2026-06-04","passed","2026-06-04","","REPL Tests Linux - master","REPL Tests Linux - master",""
"","12367","TC_OPSTATE_2_2.py","","2026-06-04","passed","2026-06-04","","REPL Tests Linux - master","REPL Tests Linux - master",""
"","9240","TC_AVSUM_2_9.py","","2026-06-04","passed","2026-06-04","","REPL Tests Linux - master","REPL Tests Linux - master",""
"","5843","TC_BOOLCFG_5_1.py","","2026-06-04","passed","2026-06-04","","REPL Tests Linux - master","REPL Tests Linux - master",""
"","18125","TC_EEM_2_5.py","","2026-06-04","passed","2026-06-04","","REPL Tests Linux - master","REPL Tests Linux - master",""
"","5706","TC_ICDManagementCluster.py","","2026-06-04","passed","2026-06-04","","REPL Tests Linux - master","REPL Tests Linux - master",""
"","16181","TC_CGEN_2_4.py","","2026-06-04","passed","2026-06-04","","REPL Tests Linux - master","REPL Tests Linux - master",""
"","6619","TC_TLSCERT_2_1.py","","2026-06-04","passed","2026-06-04","","REPL Tests Linux - master","REPL Tests Linux - master",""
"","6030","TC_CGEN_2_11.py","","2026-06-04","passed","2026-06-04","","REPL Tests Linux - master","REPL Tests Linux - master",""
"","6112","TC_RVCOPSTATE_2_3.py","","2026-06-04","passed","2026-06-04","","REPL Tests Linux - master","REPL Tests Linux - master",""
"","5722","TC_ACL_2_2.py","","2026-06-04","passed","2026-06-04","","REPL Tests Linux - master","REPL Tests Linux - master",""
"","7993","TC_TLSCLIENT_3_1.py","","2026-06-04","passed","2026-06-04","","REPL Tests Linux - master","REPL Tests Linux - master",""
"","18580","TC_OPCREDS_3_1.py","","2026-06-04","passed","2026-06-04","","REPL Tests Linux - master","REPL Tests Linux - master",""
"","36592","TC_DRLK_2_3.py","","2026-06-04","passed","2026-06-04","","REPL Tests Linux - master","REPL Tests Linux - master",""
"","6686","TC_OVENOPSTATE_2_5.py","","2026-06-04","passed","2026-06-04","","REPL Tests Linux - master","REPL Tests Linux - master",""
"","7372","TC_FAN_3_2.py","","2026-06-04","passed","2026-06-04","","REPL Tests Linux - master","REPL Tests Linux - master",""
"","7932","TC_WEBRTCP_2_22.py","","2026-06-04","passed","2026-06-04","","REPL Tests Linux - master","REPL Tests Linux - master",""
"","6460","TC_DA_1_5.py","","2026-06-04","passed","2026-06-04","","REPL Tests Linux - master","REPL Tests Linux - master",""
"","7781","TC_DGGEN_2_4.py","","2026-06-04","passed","2026-06-04","","REPL Tests Linux - master","REPL Tests Linux - master",""
"","6787","TC_DefaultWarnings.py","","2026-06-04","passed","2026-06-04","","REPL Tests Linux - master","REPL Tests Linux - master",""
"","5968","TC_AVSM_2_4.py","","2026-06-04","passed","2026-06-04","","REPL Tests Linux - master","REPL Tests Linux - master",""
"","7306","TC_SMOKECO_2_1.py","","2026-06-04","passed","2026-06-04","","REPL Tests Linux - master","REPL Tests Linux - master",""
"","6339","TC_AVSUM_2_8.py","","2026-06-04","passed","2026-06-04","","REPL Tests Linux - master","REPL Tests Linux - master",""
"","38695","TC_CLCTRL_4_1.py","","2026-06-04","passed","2026-06-04","","REPL Tests Linux - master","REPL Tests Linux - master",""
"","5745","TC_RVCCLEANM_1_2.py","","2026-06-04","passed","2026-06-04","","REPL Tests Linux - master","REPL Tests Linux - master",""
"","10017","TCP_Tests.py","","2026-06-04","passed","2026-06-04","","REPL Tests Linux - master","REPL Tests Linux - master",""
"","6003","TC_RVCOPSTATE_2_4.py","","2026-06-04","passed","2026-06-04","","REPL Tests Linux - master","REPL Tests Linux - master",""
"","23844","TC_EEVSE_2_10.py","","2026-06-04","passed","2026-06-04","","REPL Tests Linux - master","REPL Tests Linux - master",""
"","5820","TC_BINFO_3_2.py","","2026-06-04","passed","2026-06-04","","REPL Tests Linux - master","REPL Tests Linux - master",""
"","21009","TC_DEM_2_2.py","","2026-06-04","passed","2026-06-04","","REPL Tests Linux - master","REPL Tests Linux - master",""
"","6458","TC_AVSM_2_11.py","","2026-06-04","passed","2026-06-04","","REPL Tests Linux - master","REPL Tests Linux - master",""
"","9582","TC_ICDB_3_1.py","","2026-06-04","passed","2026-06-04","","REPL Tests Linux - master","REPL Tests Linux - master",""
"","5996","TC_EGC_2_2.py","","2026-06-04","passed","2026-06-04","","REPL Tests Linux - master","REPL Tests Linux - master",""
"","22430","TC_RR_1_1.py","","2026-06-04","passed","2026-06-04","","REPL Tests Linux - master","REPL Tests Linux - master",""
"","6156","TC_BRBINFO_3_2.py","","2026-06-04","passed","2026-06-04","","REPL Tests Linux - master","REPL Tests Linux - master",""
"","6211","TC_WEBRTCP_2_12.py","","2026-06-04","passed","2026-06-04","","REPL Tests Linux - master","REPL Tests Linux - master",""
"","159091","TC_SC_4_1.py","","2026-06-04","passed","2026-06-04","","REPL Tests Linux - master","REPL Tests Linux - master",""
"","16424","TC_GC_2_4.py","","2026-06-04","passed","2026-06-04","","REPL Tests Linux - master","REPL Tests Linux - master",""
"","5969","TC_AVSUM_2_6.py","","2026-06-04","passed","2026-06-04","","REPL Tests Linux - master","REPL Tests Linux - master",""
"","15012","TC_ICDM_5_1.py","","2026-06-04","passed","2026-06-04","","REPL Tests Linux - master","REPL Tests Linux - master",""
"","7696","TC_DA_1_1.py","","2026-06-04","passed","2026-06-04","","REPL Tests Linux - master","REPL Tests Linux - master",""
"","8199","TC_TLSCERT_2_6.py","","2026-06-04","passed","2026-06-04","","REPL Tests Linux - master","REPL Tests Linux - master",""
"","6766","TC_AVSM_2_9.py","","2026-06-04","passed","2026-06-04","","REPL Tests Linux - master","REPL Tests Linux - master",""
"","6241","TC_WEBRTC_1_3.py","","2026-06-04","passed","2026-06-04","","REPL Tests Linux - master","REPL Tests Linux - master",""
"","8975","TC_IDM_3_2.py","","2026-06-04","passed","2026-06-04","","REPL Tests Linux - master","REPL Tests Linux - master",""
"","10194","TC_AVSUM_2_4.py","","2026-06-04","passed","2026-06-04","","REPL Tests Linux - master","REPL Tests Linux - master",""
"","43653","TC_ZONEMGMT_2_4.py","","2026-06-04","passed","2026-06-04","","REPL Tests Linux - master","REPL Tests Linux - master",""
"","6799","TC_BOOLCFG_4_2.py","","2026-06-04","passed","2026-06-04","","REPL Tests Linux - master","REPL Tests Linux - master",""
"","8391","TC_TLSCERT_2_13.py","","2026-06-04","passed","2026-06-04","","REPL Tests Linux - master","REPL Tests Linux - master",""
"","12029","TC_CHIME_2_1.py","","2026-06-04","passed","2026-06-04","","REPL Tests Linux - master","REPL Tests Linux - master",""
"","17903","TC_CADMIN_1_9.py","","2026-06-04","passed","2026-06-04","","REPL Tests Linux - master","REPL Tests Linux - master",""
"","7059","TC_WASHERCTRL_2_1.py","","2026-06-04","passed","2026-06-04","","REPL Tests Linux - master","REPL Tests Linux - master",""
"","6293","TC_BOOLCFG_2_1.py","","2026-06-04","passed","2026-06-04","","REPL Tests Linux - master","REPL Tests Linux - master",""
"","26793","TC_MCORE_FS_1_2.py","","2026-06-04","passed","2026-06-04","","REPL Tests Linux - master","REPL Tests Linux - master",""
"","8711","TC_PAVST_2_7.py","","2026-06-04","passed","2026-06-04","","REPL Tests Linux - master","REPL Tests Linux - master",""
"","10702","TC_MOD_2_3.py","","2026-06-04","passed","2026-06-04","","REPL Tests Linux - master","REPL Tests Linux - master",""
"","6434","TC_WEBRTCP_2_6.py","","2026-06-04","passed","2026-06-04","","REPL Tests Linux - master","REPL Tests Linux - master",""
"","6245","TC_WEBRTCP_2_29.py","","2026-06-04","passed","2026-06-04","","REPL Tests Linux - master","REPL Tests Linux - master",""
"","12339","TC_VALCC_4_5.py","","2026-06-04","passed","2026-06-04","","REPL Tests Linux - master","REPL Tests Linux - master",""
"","11992","TC_EEM_2_4.py","","2026-06-04","passed","2026-06-04","","REPL Tests Linux - master","REPL Tests Linux - master",""
"","7601","TC_ACL_2_3.py","","2026-06-04","passed","2026-06-04","","REPL Tests Linux - master","REPL Tests Linux - master",""
"","18914","TC_SMOKECO_2_5.py","","2026-06-04","passed","2026-06-04","","REPL Tests Linux - master","REPL Tests Linux - master",""
"","6127","TC_EEM_2_1.py","","2026-06-04","passed","2026-06-04","","REPL Tests Linux - master","REPL Tests Linux - master",""
"","11073","TC_DISHALM_2_1.py","","2026-06-04","passed","2026-06-04","","REPL Tests Linux - master","REPL Tests Linux - master",""
"","17912","TC_WEBRTCR_2_3.py","","2026-06-04","passed","2026-06-04","","REPL Tests Linux - master","REPL Tests Linux - master",""
"","6379","TC_TIMESYNC_2_6.py","","2026-06-04","passed","2026-06-04","","REPL Tests Linux - master","REPL Tests Linux - master",""
"","8145","TC_PAVST_2_8.py","","2026-06-04","passed","2026-06-04","","REPL Tests Linux - master","REPL Tests Linux - master",""
"","7135","TC_RVCOPSTATE_2_1.py","","2026-06-04","passed","2026-06-04","","REPL Tests Linux - master","REPL Tests Linux - master",""
"","16241","TC_WEBRTCR_2_7.py","","2026-06-04","passed","2026-06-04","","REPL Tests Linux - master","REPL Tests Linux - master",""
"","12094","TC_OVENOPSTATE_2_2.py","","2026-06-04","passed","2026-06-04","","REPL Tests Linux - master","REPL Tests Linux - master",""
"","9357","TC_CLDIM_3_2.py","","2026-06-04","passed","2026-06-04","","REPL Tests Linux - master","REPL Tests Linux - master",""
"","5728","TC_DA_1_7.py","","2026-06-04","passed","2026-06-04","","REPL Tests Linux - master","REPL Tests Linux - master",""
"","35998","TC_PS_2_3.py","","2026-06-04","passed","2026-06-04","","REPL Tests Linux - master","REPL Tests Linux - master",""
"","6205","TC_ICDM_3_2.py","","2026-06-04","passed","2026-06-04","","REPL Tests Linux - master","REPL Tests Linux - master",""
"","12282","TC_CHIME_2_6.py","","2026-06-04","passed","2026-06-04","","REPL Tests Linux - master","REPL Tests Linux - master",""
"","6376","TC_EEVSE_2_5.py","","2026-06-04","passed","2026-06-04","","REPL Tests Linux - master","REPL Tests Linux - master",""
"","5854","TC_BOOLCFG_4_4.py","","2026-06-04","passed","2026-06-04","","REPL Tests Linux - master","REPL Tests Linux - master",""
"","27941","TC_MCORE_FS_1_3.py","","2026-06-04","passed","2026-06-04","","REPL Tests Linux - master","REPL Tests Linux - master",""
"","23614","TC_SC_4_3.py","","2026-06-04","passed","2026-06-04","","REPL Tests Linux - master","REPL Tests Linux - master",""
"","7187","TC_AVSM_2_10.py","","2026-06-04","passed","2026-06-04","","REPL Tests Linux - master","REPL Tests Linux - master",""
"","6326","TC_AVSM_2_21.py","","2026-06-04","passed","2026-06-04","","REPL Tests Linux - master","REPL Tests Linux - master",""
"","6229","TC_SEAR_1_6.py","","2026-06-04","passed","2026-06-04","","REPL Tests Linux - master","REPL Tests Linux - master",""
"","16054","TC_DEM_2_4.py","","2026-06-04","passed","2026-06-04","","REPL Tests Linux - master","REPL Tests Linux - master",""
"","6091","TC_MTRID_3_1.py","","2026-06-04","passed","2026-06-04","","REPL Tests Linux - master","REPL Tests Linux - master",""
"","12125","TC_SC_3_6.py","","2026-06-04","passed","2026-06-04","","REPL Tests Linux - master","REPL Tests Linux - master",""
"","6233","TC_WEBRTCP_2_1.py","","2026-06-04","passed","2026-06-04","","REPL Tests Linux - master","REPL Tests Linux - master",""
"","5848","TC_SETRF_2_2.py","","2026-06-04","passed","2026-06-04","","REPL Tests Linux - master","REPL Tests Linux - master",""
"","8763","TC_CADMIN_1_11.py","","2026-06-04","passed","2026-06-04","","REPL Tests Linux - master","REPL Tests Linux - master",""
"","7092","TC_CNET_4_3.py","","2026-06-04","passed","2026-06-04","","REPL Tests Linux - master","REPL Tests Linux - master",""
"","6172","TC_SMOKECO_2_7.py","","2026-06-04","passed","2026-06-04","","REPL Tests Linux - master","REPL Tests Linux - master",""
"","22164","TC_EWATERHTR_2_2.py","","2026-06-04","passed","2026-06-04","","REPL Tests Linux - master","REPL Tests Linux - master",""
"","7341","TC_TLSCERT_2_4.py","","2026-06-04","passed","2026-06-04","","REPL Tests Linux - master","REPL Tests Linux - master",""
"","7347","TC_TLSCLIENT_2_1.py","","2026-06-04","passed","2026-06-04","","REPL Tests Linux - master","REPL Tests Linux - master",""
"","21676","TC_DRLK_2_2.py","","2026-06-04","passed","2026-06-04","","REPL Tests Linux - master","REPL Tests Linux - master",""
"","23301","TC_TIMESYNC_2_10.py","","2026-06-04","passed","2026-06-04","","REPL Tests Linux - master","REPL Tests Linux - master",""
"","7864","TC_TLSCERT_2_3.py","","2026-06-04","passed","2026-06-04","","REPL Tests Linux - master","REPL Tests Linux - master",""
"","11668","TC_OCC_2_1.py","","2026-06-04","passed","2026-06-04","","REPL Tests Linux - master","REPL Tests Linux - master",""
"","15260","TC_WEBRTCR_2_4.py","","2026-06-04","passed","2026-06-04","","REPL Tests Linux - master","REPL Tests Linux - master",""
"","6022","TC_SETRF_3_1.py","","2026-06-04","passed","2026-06-04","","REPL Tests Linux - master","REPL Tests Linux - master",""
"","9289","TC_CLCTRL_4_2.py","","2026-06-04","passed","2026-06-04","","REPL Tests Linux - master","REPL Tests Linux - master",""
"","261690","TC_CADMIN_1_5.py","","2026-06-04","passed","2026-06-04","","REPL Tests Linux - master","REPL Tests Linux - master",""
"","7503","TC_OPCREDS_3_5.py","","2026-06-04","passed","2026-06-04","","REPL Tests Linux - master","REPL Tests Linux - master",""
"","8789","TC_TLSCLIENT_3_2.py","","2026-06-04","passed","2026-06-04","","REPL Tests Linux - master","REPL Tests Linux - master",""
"","11925","TC_CHIME_2_3.py","","2026-06-04","passed","2026-06-04","","REPL Tests Linux - master","REPL Tests Linux - master",""
"","6382","TC_CGEN_2_9.py","","2026-06-04","passed","2026-06-04","","REPL Tests Linux - master","REPL Tests Linux - master",""
"","5833","TC_OVENOPSTATE_2_4.py","","2026-06-04","passed","2026-06-04","","REPL Tests Linux - master","REPL Tests Linux - master",""
"","6305","TC_CGEN_2_10.py","","2026-06-04","passed","2026-06-04","","REPL Tests Linux - master","REPL Tests Linux - master",""
"","7083","TC_LUNIT_3_1.py","","2026-06-04","passed","2026-06-04","","REPL Tests Linux - master","REPL Tests Linux - master",""
"","6327","TC_EEVSE_2_3.py","","2026-06-04","passed","2026-06-04","","REPL Tests Linux - master","REPL Tests Linux - master",""
"","13004","TC_DeviceConformance.py","","2026-06-04","passed","2026-06-04","","REPL Tests Linux - master","REPL Tests Linux - master",""
"","7862","TC_TLSCERT_2_7.py","","2026-06-04","passed","2026-06-04","","REPL Tests Linux - master","REPL Tests Linux - master",""
"","6669","TC_SEAR_1_2.py","","2026-06-04","passed","2026-06-04","","REPL Tests Linux - master","REPL Tests Linux - master",""
"","7518","TC_ACE_1_3.py","","2026-06-04","passed","2026-06-04","","REPL Tests Linux - master","REPL Tests Linux - master",""
"","6215","TC_ACL_2_11.py","","2026-06-04","passed","2026-06-04","","REPL Tests Linux - master","REPL Tests Linux - master",""
"","9802","TC_FAN_3_1.py","","2026-06-04","passed","2026-06-04","","REPL Tests Linux - master","REPL Tests Linux - master",""
"","6274","TC_TIMESYNC_3_1.py","","2026-06-04","passed","2026-06-04","","REPL Tests Linux - master","REPL Tests Linux - master",""
"","6246","TC_VALCC_3_1.py","","2026-06-04","passed","2026-06-04","","REPL Tests Linux - master","REPL Tests Linux - master",""
"","6066","TC_CADMIN_1_22.py","","2026-06-04","passed","2026-06-04","","REPL Tests Linux - master","REPL Tests Linux - master",""
"","21761","TC_CCTRL_2_3.py","","2026-06-04","passed","2026-06-04","","REPL Tests Linux - master","REPL Tests Linux - master",""
"","6267","TC_SETRF_2_3.py","","2026-06-04","passed","2026-06-04","","REPL Tests Linux - master","REPL Tests Linux - master",""
"","6263","TC_WHM_2_1.py","","2026-06-04","passed","2026-06-04","","REPL Tests Linux - master","REPL Tests Linux - master",""
"","21497","TC_CLCTRL_6_1.py","","2026-06-04","passed","2026-06-04","","REPL Tests Linux - master","REPL Tests Linux - master",""
"","7278","TC_ACL_2_9.py","","2026-06-04","passed","2026-06-04","","REPL Tests Linux - master","REPL Tests Linux - master",""
"","6499","TC_EPREF_2_1.py","","2026-06-04","passed","2026-06-04","","REPL Tests Linux - master","REPL Tests Linux - master",""
"","6235","TC_AVSM_2_2.py","","2026-06-04","passed","2026-06-04","","REPL Tests Linux - master","REPL Tests Linux - master",""
"","8894","TC_EEVSE_2_4.py","","2026-06-04","passed","2026-06-04","","REPL Tests Linux - master","REPL Tests Linux - master",""
"","6298","TC_TIMESYNC_2_4.py","","2026-06-04","passed","2026-06-04","","REPL Tests Linux - master","REPL Tests Linux - master",""
"","6819","TC_GC_2_7.py","","2026-06-04","passed","2026-06-04","","REPL Tests Linux - master","REPL Tests Linux - master",""
"","7828","TC_DRLK_2_9.py","","2026-06-04","passed","2026-06-04","","REPL Tests Linux - master","REPL Tests Linux - master",""
"","10701","TC_IDM_5_2.py","","2026-06-04","passed","2026-06-04","","REPL Tests Linux - master","REPL Tests Linux - master",""
"","5887","TC_AVSM_2_15.py","","2026-06-04","passed","2026-06-04","","REPL Tests Linux - master","REPL Tests Linux - master",""
"","19262","TC_CGEN_2_2.py","","2026-06-04","passed","2026-06-04","","REPL Tests Linux - master","REPL Tests Linux - master",""
"","11466","TC_CHIME_2_5.py","","2026-06-04","passed","2026-06-04","","REPL Tests Linux - master","REPL Tests Linux - master",""
"","16964","TC_WEBRTCR_2_2.py","","2026-06-04","passed","2026-06-04","","REPL Tests Linux - master","REPL Tests Linux - master",""
"","5926","TC_DEM_2_3.py","","2026-06-04","passed","2026-06-04","","REPL Tests Linux - master","REPL Tests Linux - master",""
"","6532","TC_SU_4_1.py","","2026-06-04","passed","2026-06-04","","REPL Tests Linux - master","REPL Tests Linux - master",""
"","6047","TC_SEAR_1_4.py","","2026-06-04","passed","2026-06-04","","REPL Tests Linux - master","REPL Tests Linux - master",""
"","5858","TC_AVSM_2_6.py","","2026-06-04","passed","2026-06-04","","REPL Tests Linux - master","REPL Tests Linux - master",""
"","6248","TC_CGEN_2_5.py","","2026-06-04","passed","2026-06-04","","REPL Tests Linux - master","REPL Tests Linux - master",""
"","40244","TC_DEM_2_10.py","","2026-06-04","passed","2026-06-04","","REPL Tests Linux - master","REPL Tests Linux - master",""
"","6579","TC_WEBRTCP_2_11.py","","2026-06-04","passed","2026-06-04","","REPL Tests Linux - master","REPL Tests Linux - master",""
"","6751","TC_WEBRTCP_2_2.py","","2026-06-04","passed","2026-06-04","","REPL Tests Linux - master","REPL Tests Linux - master",""
"","6831","TC_WEBRTCP_2_27.py","","2026-06-04","passed","2026-06-04","","REPL Tests Linux - master","REPL Tests Linux - master",""
"","11193","TC_VALCC_4_2.py","","2026-06-04","passed","2026-06-04","","REPL Tests Linux - master","REPL Tests Linux - master",""
"","6060","TC_LVL_9_1.py","","2026-06-04","passed","2026-06-04","","REPL Tests Linux - master","REPL Tests Linux - master",""
"","23162","TC_CADMIN_1_15.py","","2026-06-04","passed","2026-06-04","","REPL Tests Linux - master","REPL Tests Linux - master",""
"","127255","TC_ICDB_2_1_2_2.py","","2026-06-04","passed","2026-06-04","","REPL Tests Linux - master","REPL Tests Linux - master",""
"","5481","TC_SC_7_1.py","","2026-06-04","passed","2026-06-04","","REPL Tests Linux - master","REPL Tests Linux - master",""
"","6508","TC_WEBRTCP_2_32.py","","2026-06-04","passed","2026-06-04","","REPL Tests Linux - master","REPL Tests Linux - master",""
"","6209","TC_WEBRTCP_2_30.py","","2026-06-04","passed","2026-06-04","","REPL Tests Linux - master","REPL Tests Linux - master",""
"","5755","TC_COMMTR_2_1.py","","2026-06-04","passed","2026-06-04","","REPL Tests Linux - master","REPL Tests Linux - master",""
"","6286","TC_WEBRTCP_2_10.py","","2026-06-04","passed","2026-06-04","","REPL Tests Linux - master","REPL Tests Linux - master",""
"","21772","TC_CCTRL_2_2.py","","2026-06-04","passed","2026-06-04","","REPL Tests Linux - master","REPL Tests Linux - master",""
"","6074","TC_CGEN_2_1.py","","2026-06-04","passed","2026-06-04","","REPL Tests Linux - master","REPL Tests Linux - master",""
"","16131","TC_WEBRTCR_2_5.py","","2026-06-04","passed","2026-06-04","","REPL Tests Linux - master","REPL Tests Linux - master",""
"","1898","TC_JFADMIN_1_2.py","","2026-06-04","passed","2026-06-04","","REPL Tests Linux - master","REPL Tests Linux - master",""
"","21823","TC_MCORE_FS_1_1.py","","2026-06-04","passed","2026-06-04","","REPL Tests Linux - master","REPL Tests Linux - master",""
"","7029","TC_ACE_1_4.py","","2026-06-04","passed","2026-06-04","","REPL Tests Linux - master","REPL Tests Linux - master",""
"","5596","TC_GC_2_1.py","","2026-06-04","passed","2026-06-04","","REPL Tests Linux - master","REPL Tests Linux - master",""
"","10058","TC_PAVST_2_3.py","","2026-06-04","passed","2026-06-04","","REPL Tests Linux - master","REPL Tests Linux - master",""
"","19526","TC_OO_2_7.py","","2026-06-04","passed","2026-06-04","","REPL Tests Linux - master","REPL Tests Linux - master",""
"","6231","TC_SEPR_2_3.py","","2026-06-04","passed","2026-06-04","","REPL Tests Linux - master","REPL Tests Linux - master",""
"","7853","TC_BOOLCFG_6_1.py","","2026-06-04","passed","2026-06-04","","REPL Tests Linux - master","REPL Tests Linux - master",""
"","7687","TC_WEBRTC_1_1.py","","2026-06-04","passed","2026-06-04","","REPL Tests Linux - master","REPL Tests Linux - master",""
"","6161","TC_ICDM_3_1.py","","2026-06-04","passed","2026-06-04","","REPL Tests Linux - master","REPL Tests Linux - master",""
"","6055","TC_CNET_1_4.py","","2026-06-04","passed","2026-06-04","","REPL Tests Linux - master","REPL Tests Linux - master",""
"","23184","TC_PAVST_2_12.py","","2026-06-04","passed","2026-06-04","","REPL Tests Linux - master","REPL Tests Linux - master",""
"","5920","TC_CC_2_1.py","","2026-06-04","passed","2026-06-04","","REPL Tests Linux - master","REPL Tests Linux - master",""
"","5797","TC_EGC_2_1.py","","2026-06-04","passed","2026-06-04","","REPL Tests Linux - master","REPL Tests Linux - master",""
"","16073","TC_GC_2_8.py","","2026-06-04","passed","2026-06-04","","REPL Tests Linux - master","REPL Tests Linux - master",""
"","6707","TC_WEBRTCP_2_3.py","","2026-06-04","passed","2026-06-04","","REPL Tests Linux - master","REPL Tests Linux - master",""
"","7742","TC_CADMIN_1_25.py","","2026-06-04","passed","2026-06-04","","REPL Tests Linux - master","REPL Tests Linux - master",""
"","7092","TC_AVSM_2_17.py","","2026-06-04","passed","2026-06-04","","REPL Tests Linux - master","REPL Tests Linux - master",""
"","7369","TC_PAVSTI_1_1.py","","2026-06-04","passed","2026-06-04","","REPL Tests Linux - master","REPL Tests Linux - master",""
"","6304","TC_ACE_1_5.py","","2026-06-04","passed","2026-06-04","","REPL Tests Linux - master","REPL Tests Linux - master",""
"","5880","TC_WHM_1_2.py","","2026-06-04","passed","2026-06-04","","REPL Tests Linux - master","REPL Tests Linux - master",""
"","7454","TC_ACL_2_7.py","","2026-06-04","passed","2026-06-04","","REPL Tests Linux - master","REPL Tests Linux - master",""
"","5987","TC_DEM_2_5.py","","2026-06-04","passed","2026-06-04","","REPL Tests Linux - master","REPL Tests Linux - master",""
"","7435","TC_LTIME_3_1.py","","2026-06-04","passed","2026-06-04","","REPL Tests Linux - master","REPL Tests Linux - master",""
"","5938","TC_AVSM_2_14.py","","2026-06-04","passed","2026-06-04","","REPL Tests Linux - master","REPL Tests Linux - master",""
"","6493","TC_WEBRTCP_2_15.py","","2026-06-04","passed","2026-06-04","","REPL Tests Linux - master","REPL Tests Linux - master",""
"","5758","TC_BOOLCFG_5_2.py","","2026-06-04","passed","2026-06-04","","REPL Tests Linux - master","REPL Tests Linux - master",""
"","5892","TC_COMMTR_3_1.py","","2026-06-04","passed","2026-06-04","","REPL Tests Linux - master","REPL Tests Linux - master",""
"","7716","TC_DGGEN_2_5.py","","2026-06-04","passed","2026-06-04","","REPL Tests Linux - master","REPL Tests Linux - master",""
"","21615","TC_TIMESYNC_2_7.py","","2026-06-04","passed","2026-06-04","","REPL Tests Linux - master","REPL Tests Linux - master",""
"","1468","TestFrameworkArgParsing.py","","2026-06-04","passed","2026-06-04","","REPL Tests Linux - master","REPL Tests Linux - master",""
"","7396","TC_AVSM_2_18.py","","2026-06-04","passed","2026-06-04","","REPL Tests Linux - master","REPL Tests Linux - master",""
"","6052","TC_MWOCTRL_2_2.py","","2026-06-04","passed","2026-06-04","","REPL Tests Linux - master","REPL Tests Linux - master",""
"","66933","TC_SWTCH.py","","2026-06-04","passed","2026-06-04","","REPL Tests Linux - master","REPL Tests Linux - master",""
"","25632","TC_ECOINFO_2_1.py","","2026-06-04","passed","2026-06-04","","REPL Tests Linux - master","REPL Tests Linux - master",""
"","12568","TC_AVSUM_2_2.py","","2026-06-04","passed","2026-06-04","","REPL Tests Linux - master","REPL Tests Linux - master",""
"","6069","TC_FAN_2_4.py","","2026-06-04","passed","2026-06-04","","REPL Tests Linux - master","REPL Tests Linux - master",""
"","18544","TC_CLCTRL_3_1.py","","2026-06-04","passed","2026-06-04","","REPL Tests Linux - master","REPL Tests Linux - master",""
"","6234","TC_WEBRTCP_2_21.py","","2026-06-04","passed","2026-06-04","","REPL Tests Linux - master","REPL Tests Linux - master",""
"","7904","TC_TLSCERT_2_12.py","","2026-06-04","passed","2026-06-04","","REPL Tests Linux - master","REPL Tests Linux - master",""
"","6143","TC_VALCC_3_3.py","","2026-06-04","passed","2026-06-04","","REPL Tests Linux - master","REPL Tests Linux - master",""
"","7452","TC_CLCTRL_4_3.py","","2026-06-04","passed","2026-06-04","","REPL Tests Linux - master","REPL Tests Linux - master",""
"","16421","TC_CADMIN_1_19.py","","2026-06-04","passed","2026-06-04","","REPL Tests Linux - master","REPL Tests Linux - master",""
"","7390","TC_WEBRTCP_2_23.py","","2026-06-04","passed","2026-06-04","","REPL Tests Linux - master","REPL Tests Linux - master",""
"","5995","TC_CLDIM_2_1.py","","2026-06-04","passed","2026-06-04","","REPL Tests Linux - master","REPL Tests Linux - master",""
"","17125","TC_EEVSE_2_2.py","","2026-06-04","passed","2026-06-04","","REPL Tests Linux - master","REPL Tests Linux - master",""
"","8774","TC_PAVST_2_11.py","","2026-06-04","passed","2026-06-04","","REPL Tests Linux - master","REPL Tests Linux - master",""
"","2256","TC_JFDS_2_2.py","","2026-06-04","passed","2026-06-04","","REPL Tests Linux - master","REPL Tests Linux - master",""
"","6008","TC_FAN_2_3.py","","2026-06-04","passed","2026-06-04","","REPL Tests Linux - master","REPL Tests Linux - master",""
"","28393","TC_ICDB_1_1.py","","2026-06-04","passed","2026-06-04","","REPL Tests Linux - master","REPL Tests Linux - master",""
"","7041","TC_TCTL_2_3.py","","2026-06-04","passed","2026-06-04","","REPL Tests Linux - master","REPL Tests Linux - master",""
"","13643","TC_PAVST_2_9.py","","2026-06-04","passed","2026-06-04","","REPL Tests Linux - master","REPL Tests Linux - master",""
"","17222","TC_I_2_4.py","","2026-06-04","passed","2026-06-04","","REPL Tests Linux - master","REPL Tests Linux - master",""
"","7164","TC_BOOLCFG_3_1.py","","2026-06-04","passed","2026-06-04","","REPL Tests Linux - master","REPL Tests Linux - master",""
"","8256","TC_SMOKECO_2_6.py","","2026-06-04","passed","2026-06-04","","REPL Tests Linux - master","REPL Tests Linux - master",""
"","6839","TC_ACL_2_6.py","","2026-06-04","passed","2026-06-04","","REPL Tests Linux - master","REPL Tests Linux - master",""
"","6599","TC_AVSM_2_13.py","","2026-06-04","passed","2026-06-04","","REPL Tests Linux - master","REPL Tests Linux - master",""
"","5895","TC_DEMM_1_2.py","","2026-06-04","passed","2026-06-04","","REPL Tests Linux - master","REPL Tests Linux - master",""
"","6650","TC_AVSM_2_1.py","","2026-06-04","passed","2026-06-04","","REPL Tests Linux - master","REPL Tests Linux - master",""
"","7567","TC_PAVST_2_10.py","","2026-06-04","passed","2026-06-04","","REPL Tests Linux - master","REPL Tests Linux - master",""
"","11891","TC_GC_2_2.py","","2026-06-04","passed","2026-06-04","","REPL Tests Linux - master","REPL Tests Linux - master",""
"","7662","TC_VALCC_3_4.py","","2026-06-04","passed","2026-06-04","","REPL Tests Linux - master","REPL Tests Linux - master",""
"","6688","TC_WEBRTCP_2_8.py","","2026-06-04","passed","2026-06-04","","REPL Tests Linux - master","REPL Tests Linux - master",""
"","8789","TC_TLSCERT_2_8.py","","2026-06-04","passed","2026-06-04","","REPL Tests Linux - master","REPL Tests Linux - master",""
"","6035","TC_SETRF_2_1.py","","2026-06-04","passed","2026-06-04","","REPL Tests Linux - master","REPL Tests Linux - master",""
"","6154","TC_RVCCLEANM_2_1.py","","2026-06-04","passed","2026-06-04","","REPL Tests Linux - master","REPL Tests Linux - master",""
"","6657","TC_TSTAT_2_2.py","","2026-06-04","passed","2026-06-04","","REPL Tests Linux - master","REPL Tests Linux - master",""
"","6008","TC_VALCC_4_4.py","","2026-06-04","passed","2026-06-04","","REPL Tests Linux - master","REPL Tests Linux - master",""
"","7271","TC_TLSCLIENT_3_10.py","","2026-06-04","passed","2026-06-04","","REPL Tests Linux - master","REPL Tests Linux - master",""
"","18062","TC_EEM_2_3.py","","2026-06-04","passed","2026-06-04","","REPL Tests Linux - master","REPL Tests Linux - master",""
"","28002","TC_MCORE_FS_1_5.py","","2026-06-04","passed","2026-06-04","","REPL Tests Linux - master","REPL Tests Linux - master",""
"","5695","TC_FAN_3_5.py","","2026-06-04","passed","2026-06-04","","REPL Tests Linux - master","REPL Tests Linux - master",""
"","6471","TC_AVSM_VideoStreamsPersistence.py","","2026-06-04","passed","2026-06-04","","REPL Tests Linux - master","REPL Tests Linux - master",""
"","7297","TC_IDM_2_3.py","","2026-06-04","passed","2026-06-04","","REPL Tests Linux - master","REPL Tests Linux - master",""
"","6117","TC_ZONEMGMT_2_3.py","","2026-06-04","passed","2026-06-04","","REPL Tests Linux - master","REPL Tests Linux - master",""
"","6742","TC_WEBRTCP_2_19.py","","2026-06-04","passed","2026-06-04","","REPL Tests Linux - master","REPL Tests Linux - master",""
"","9574","TC_SC_3_5.py","","2026-06-04","passed","2026-06-04","","REPL Tests Linux - master","REPL Tests Linux - master",""
"","8777","TC_CLCTRL_5_1.py","","2026-06-04","passed","2026-06-04","","REPL Tests Linux - master","REPL Tests Linux - master",""
"","7090","TestReadSubscribeAceExistenceErrors.py","","2026-06-04","passed","2026-06-04","","REPL Tests Linux - master","REPL Tests Linux - master",""
"","10665","TC_VALCC_4_1.py","","2026-06-04","passed","2026-06-04","","REPL Tests Linux - master","REPL Tests Linux - master",""
"","8021","TC_OVENOPSTATE_2_6.py","","2026-06-04","passed","2026-06-04","","REPL Tests Linux - master","REPL Tests Linux - master",""
"","6631","TC_GC_2_3.py","","2026-06-04","passed","2026-06-04","","REPL Tests Linux - master","REPL Tests Linux - master",""
"","6148","TC_WEBRTCP_2_28.py","","2026-06-04","passed","2026-06-04","","REPL Tests Linux - master","REPL Tests Linux - master",""
"","5929","TC_IDM_1_4.py","","2026-06-04","passed","2026-06-04","","REPL Tests Linux - master","REPL Tests Linux - master",""
"","39868","TC_OPSTATE_2_6.py","","2026-06-04","passed","2026-06-04","","REPL Tests Linux - master","REPL Tests Linux - master",""
"","5689","TC_MWOM_1_2.py","","2026-06-04","passed","2026-06-04","","REPL Tests Linux - master","REPL Tests Linux - master",""
"","6925","TC_GC_2_5.py","","2026-06-04","passed","2026-06-04","","REPL Tests Linux - master","REPL Tests Linux - master",""
"","6379","TC_SEAR_1_3.py","","2026-06-04","passed","2026-06-04","","REPL Tests Linux - master","REPL Tests Linux - master",""
"","6027","TC_TMP_2_1.py","","2026-06-04","passed","2026-06-04","","REPL Tests Linux - master","REPL Tests Linux - master",""
"","6107","TC_FAN_3_4.py","","2026-06-04","passed","2026-06-04","","REPL Tests Linux - master","REPL Tests Linux - master",""
"","6558","TC_EEVSE_2_7.py","","2026-06-04","passed","2026-06-04","","REPL Tests Linux - master","REPL Tests Linux - master",""
"","7459","TC_AVSM_2_20.py","","2026-06-04","passed","2026-06-04","","REPL Tests Linux - master","REPL Tests Linux - master",""
"","6946","TC_ACL_2_5.py","","2026-06-04","passed","2026-06-04","","REPL Tests Linux - master","REPL Tests Linux - master",""
"","5945","TC_TIMESYNC_2_9.py","","2026-06-04","passed","2026-06-04","","REPL Tests Linux - master","REPL Tests Linux - master",""
"","209325","TC_CADMIN_1_3_4.py","","2026-06-04","passed","2026-06-04","","REPL Tests Linux - master","REPL Tests Linux - master",""
"","7188","TC_BOOL_2_2.py","","2026-06-04","passed","2026-06-04","","REPL Tests Linux - master","REPL Tests Linux - master",""
"","7220","TC_OPSTATE_2_1.py","","2026-06-04","passed","2026-06-04","","REPL Tests Linux - master","REPL Tests Linux - master",""
"","6418","TC_BINFO_3_1.py","","2026-06-04","passed","2026-06-04","","REPL Tests Linux - master","REPL Tests Linux - master",""
"","6024","TC_MWOCTRL_2_1.py","","2026-06-04","passed","2026-06-04","","REPL Tests Linux - master","REPL Tests Linux - master",""
"","6036","TC_AVSUM_2_5.py","","2026-06-04","passed","2026-06-04","","REPL Tests Linux - master","REPL Tests Linux - master",""
"","5825","TC_LWM_1_2.py","","2026-06-04","passed","2026-06-04","","REPL Tests Linux - master","REPL Tests Linux - master",""
"","62054","TC_LVL_2_3.py","","2026-06-04","passed","2026-06-04","","REPL Tests Linux - master","REPL Tests Linux - master",""
"","6600","TC_BINFO_2_2.py","","2026-06-04","passed","2026-06-04","","REPL Tests Linux - master","REPL Tests Linux - master",""
"","7649","TC_SOIL_2_2.py","","2026-06-04","passed","2026-06-04","","REPL Tests Linux - master","REPL Tests Linux - master",""
"","6934","TC_OVENOPSTATE_2_1.py","","2026-06-04","passed","2026-06-04","","REPL Tests Linux - master","REPL Tests Linux - master",""
"","5938","TC_DEM_2_6.py","","2026-06-04","passed","2026-06-04","","REPL Tests Linux - master","REPL Tests Linux - master",""
"","12073","TC_OCC_2_3.py","","2026-06-04","passed","2026-06-04","","REPL Tests Linux - master","REPL Tests Linux - master",""
"","2552","TC_JFDS_2_3.py","","2026-06-04","passed","2026-06-04","","REPL Tests Linux - master","REPL Tests Linux - master",""
"","7730","TC_AVSM_2_12.py","","2026-06-04","passed","2026-06-04","","REPL Tests Linux - master","REPL Tests Linux - master",""
"","49799","TC_ACE_1_6.py","","2026-06-04","passed","2026-06-04","","REPL Tests Linux - master","REPL Tests Linux - master",""
"","7845","TC_TLSCERT_2_11.py","","2026-06-04","passed","2026-06-04","","REPL Tests Linux - master","REPL Tests Linux - master",""
"","5904","TC_EEVSE_2_8.py","","2026-06-04","passed","2026-06-04","","REPL Tests Linux - master","REPL Tests Linux - master",""
"","6889","TC_IDM_4_2.py","","2026-06-04","passed","2026-06-04","","REPL Tests Linux - master","REPL Tests Linux - master",""
"","6718","TC_COLORCONTROL.py","","2026-06-04","passed","2026-06-04","","REPL Tests Linux - master","REPL Tests Linux - master",""
"","5666","TC_RVCRUNM_1_2.py","","2026-06-04","passed","2026-06-04","","REPL Tests Linux - master","REPL Tests Linux - master",""
"","296391","TC_AccessChecker.py","","2026-06-04","passed","2026-06-04","","REPL Tests Linux - master","REPL Tests Linux - master",""
"","6848","TC_WEBRTCP_2_14.py","","2026-06-04","passed","2026-06-04","","REPL Tests Linux - master","REPL Tests Linux - master",""
"","28169","TC_EEVSE_2_6.py","","2026-06-04","passed","2026-06-04","","REPL Tests Linux - master","REPL Tests Linux - master",""
"","11670","TC_IDM_1_2.py","","2026-06-04","passed","2026-06-04","","REPL Tests Linux - master","REPL Tests Linux - master",""
"","12168","TC_OPSTATE_2_3.py","","2026-06-04","passed","2026-06-04","","REPL Tests Linux - master","REPL Tests Linux - master",""
"","6832","TC_DRLK_2_13.py","","2026-06-04","passed","2026-06-04","","REPL Tests Linux - master","REPL Tests Linux - master",""
"","96166","TC_TIMESYNC_2_8.py","","2026-06-04","passed","2026-06-04","","REPL Tests Linux - master","REPL Tests Linux - master",""
"","7933","TC_PAVST_2_2.py","","2026-06-04","passed","2026-06-04","","REPL Tests Linux - master","REPL Tests Linux - master",""
"","12098","TC_CLCTRL_4_4.py","","2026-06-04","passed","2026-06-04","","REPL Tests Linux - master","REPL Tests Linux - master",""
"","6224","TC_WEBRTCP_2_5.py","","2026-06-04","passed","2026-06-04","","REPL Tests Linux - master","REPL Tests Linux - master",""
"","16026","TC_DD_1_16_17.py","","2026-06-04","passed","2026-06-04","","REPL Tests Linux - master","REPL Tests Linux - master",""
"","27323","TC_ICDB_1_2.py","","2026-06-04","passed","2026-06-04","","REPL Tests Linux - master","REPL Tests Linux - master",""
"","12139","TC_CHIME_2_2.py","","2026-06-04","passed","2026-06-04","","REPL Tests Linux - master","REPL Tests Linux - master",""
"","5704","TC_TCCM_1_2.py","","2026-06-04","passed","2026-06-04","","REPL Tests Linux - master","REPL Tests Linux - master",""
"","2377","TC_JFDS_2_1.py","","2026-06-04","passed","2026-06-04","","REPL Tests Linux - master","REPL Tests Linux - master",""
"","6078","TC_DEM_2_9.py","","2026-06-04","passed","2026-06-04","","REPL Tests Linux - master","REPL Tests Linux - master",""
"","16254","TC_CCTRL_2_1.py","","2026-06-04","passed","2026-06-04","","REPL Tests Linux - master","REPL Tests Linux - master",""
"","7722","TC_AVSM_2_16.py","","2026-06-04","passed","2026-06-04","","REPL Tests Linux - master","REPL Tests Linux - master",""
"","6290","TC_TestEventTrigger.py","","2026-06-04","passed","2026-06-04","","REPL Tests Linux - master","REPL Tests Linux - master",""
"","35280","TC_CLDIM_4_1.py","","2026-06-04","passed","2026-06-04","","REPL Tests Linux - master","REPL Tests Linux - master",""
"","7771","TC_TLSCERT_2_5.py","","2026-06-04","passed","2026-06-04","","REPL Tests Linux - master","REPL Tests Linux - master",""
"","6444","TC_VALCC_3_2.py","","2026-06-04","passed","2026-06-04","","REPL Tests Linux - master","REPL Tests Linux - master",""
"","6551","TC_WEBRTCP_2_13.py","","2026-06-04","passed","2026-06-04","","REPL Tests Linux - master","REPL Tests Linux - master",""
"","6518","TC_AVSM_StreamReuseRangeParams.py","","2026-06-04","passed","2026-06-04","","REPL Tests Linux - master","REPL Tests Linux - master",""
"","7222","TC_MOD_1_2.py","","2026-06-04","passed","2026-06-04","","REPL Tests Linux - master","REPL Tests Linux - master",""
"","8749","TC_ACL_2_10.py","","2026-06-04","passed","2026-06-04","","REPL Tests Linux - master","REPL Tests Linux - master",""
"","108178","TC_PAVST_2_13.py","","2026-06-04","passed","2026-06-04","","REPL Tests Linux - master","REPL Tests Linux - master",""
"","6102","TC_EGC_2_3.py","","2026-06-04","passed","2026-06-04","","REPL Tests Linux - master","REPL Tests Linux - master",""
"","5622","TC_PWRTL_2_1.py","","2026-06-04","passed","2026-06-04","","REPL Tests Linux - master","REPL Tests Linux - master",""
"","6653","TC_TSTAT_4_3.py","","2026-06-04","passed","2026-06-04","","REPL Tests Linux - master","REPL Tests Linux - master",""
"","7086","TC_DGSW_2_2.py","","2026-06-04","passed","2026-06-04","","REPL Tests Linux - master","REPL Tests Linux - master",""
"","6329","TC_RVCRUNM_2_1.py","","2026-06-04","passed","2026-06-04","","REPL Tests Linux - master","REPL Tests Linux - master",""
"","8477","TC_ACL_2_8.py","","2026-06-04","passed","2026-06-04","","REPL Tests Linux - master","REPL Tests Linux - master",""
"","11835","TC_EPM_2_2.py","","2026-06-04","passed","2026-06-04","","REPL Tests Linux - master","REPL Tests Linux - master",""
"","5983","TC_EEVSE_2_9.py","","2026-06-04","passed","2026-06-04","","REPL Tests Linux - master","REPL Tests Linux - master",""
